[gd_scene load_steps=21 format=3 uid="uid://c7itg6p1s6a06"]

[ext_resource type="Script" path="res://Game9/Game/Tracks/track.gd" id="1_n60sw"]
[ext_resource type="Script" path="res://Game9/Game/Tracks/track_tools.gd" id="2_14tws"]
[ext_resource type="PackedScene" uid="uid://s6e63r0aowht" path="res://Game9/Game/Scenery/Tree/tree.tscn" id="2_ed2u7"]
[ext_resource type="Texture2D" uid="uid://k1j5g11njrrl" path="res://Game9/Game/Scenery/Track/road.jpg" id="5_g5t01"]
[ext_resource type="Texture2D" uid="uid://dxl4k7vk2upgg" path="res://Game9/Game/Scenery/Track/edging.png" id="5_juof3"]
[ext_resource type="Texture2D" uid="uid://dq3t8p3t3ylrs" path="res://Game9/Game/Scenery/Wall/concrete_wall.jpg" id="6_01v2a"]
[ext_resource type="Texture2D" uid="uid://cpcj30iwproh8" path="res://Game9/Game/Scenery/Track/start_finish_line.png" id="8_etv4s"]
[ext_resource type="Texture2D" uid="uid://cd2vrrflcyrsu" path="res://Game9/Game/Scenery/Ground/ground.png" id="8_nnqsc"]

[sub_resource type="StandardMaterial3D" id="StandardMaterial3D_56twx"]
albedo_color = Color(0.422371, 0.422371, 0.422371, 1)
albedo_texture = ExtResource("8_nnqsc")
uv1_scale = Vector3(100, 100, 100)
texture_filter = 4

[sub_resource type="PlaneMesh" id="PlaneMesh_dxd1k"]
material = SubResource("StandardMaterial3D_56twx")
size = Vector2(1000, 1000)

[sub_resource type="BoxShape3D" id="BoxShape3D_kv1kk"]
size = Vector3(1000, 1, 1000)

[sub_resource type="Curve3D" id="Curve3D_38qgw"]
_data = {
"points": PackedVector3Array(-0.792526, -0.393799, 12.6827, 0.793, 0, -12.683, 0, 0, 0, -44.582, 0, 52.532, 44.582, 0, -52.532, 35.0781, 0, -135.99, -75.388, 0, -0.376, 75.388, 0, 0.376, 187.771, 0, -192.401, -48.562, 0, -31.587, 48.562, 0, 31.587, 351.053, 0, -167.378, -8.301, 0, -82.301, 8.301, 0, 82.301, 423.576, 0, -11.7302, 13.929, 0, -30.374, -13.929, 0, 30.374, 415.094, 0, 165.124, 81.328, 0, -11.311, -81.328, 0, 11.311, 240.36, 0, 260.548, 33.969, 0, 34.983, -33.969, 0, -34.983, 60.5378, 0, 229.164, 5.708, 0, 40.979, -5.708, 0, -40.979, 4.97946, 0, 114.23, -0.005, 0, 13.498, 0.0045166, 0.443359, -13.4984, 0, 0, 0),
"tilts": PackedFloat32Array(0, 0, 0, 0, 0, 0, 0, 0, 0, 0)
}
point_count = 10

[sub_resource type="StandardMaterial3D" id="StandardMaterial3D_d1klq"]
albedo_texture = ExtResource("5_g5t01")
uv1_scale = Vector3(0.05, 15, 1)
texture_filter = 5

[sub_resource type="StandardMaterial3D" id="StandardMaterial3D_cdeos"]
albedo_texture = ExtResource("5_juof3")
uv1_scale = Vector3(0.1, 0.1, 0.1)

[sub_resource type="StandardMaterial3D" id="StandardMaterial3D_a6sx0"]
albedo_texture = ExtResource("5_juof3")
uv1_scale = Vector3(0.1, 0.1, 0.1)

[sub_resource type="StandardMaterial3D" id="StandardMaterial3D_5kjne"]
albedo_texture = ExtResource("6_01v2a")
uv1_scale = Vector3(0.5, 0.5, 0.5)
uv1_triplanar = true
texture_filter = 4

[sub_resource type="StandardMaterial3D" id="StandardMaterial3D_vf8il"]
transparency = 1
albedo_texture = ExtResource("8_etv4s")
texture_filter = 4

[sub_resource type="PlaneMesh" id="PlaneMesh_4bquy"]
material = SubResource("StandardMaterial3D_vf8il")
size = Vector2(3, 19)

[sub_resource type="BoxShape3D" id="BoxShape3D_fd3ny"]
size = Vector3(3, 10, 100)

[sub_resource type="Curve3D" id="Curve3D_sg6v0"]
_data = {
"points": PackedVector3Array(0.578125, 0, 5.27272, -0.578125, 0, -5.27272, -216.999, 0, 4.71927, -15.6574, 0, 28.3386, 15.6574, 0, -28.3386, -183.581, -0.000366211, -106.359, -24.1395, 0, 5.3643, 24.1395, 0, -5.3643, -113.52, 0, -162.237, -32.4095, 0, -0.670547, 32.4095, 0, 0.670547, -1.71655, 0, -169.396, -30.6609, 0, -17.8397, 30.6609, 0, 17.8397, 108.717, 0, -147.486, -11.8599, 0, -32.0116, 11.8599, 0, 32.0116, 155.234, -0.000366211, -89.2396, -1.34108, 0, -24.1395, 1.34108, 0, 24.1395, 178.175, 0.000244141, 29.1594, 16.54, 0, -30.1743, -16.54, 0, 30.1743, 162.891, 0, 157.684, 26.8216, 0, -11.6227, -26.8216, 0, 11.6227, 88.3997, 0, 214.615, 29.0772, 0, -4.92447, -29.0772, 0, 4.92447, -8.68126, 0, 240.116, 30.2912, 0, 7.20302, -30.2912, 0, -7.20302, -98.4066, 0, 236.259, 21.518, 0, 36.359, -21.518, 0, -36.359, -171.653, 0, 182.837, 7.95387, 0, 43.4659, -7.95387, 0, -43.4659, -210.45, 0.000244141, 74.0193, -0.137024, 0, 0.229793, 0.137024, 0, -0.229793, -216.999, 0, 4.71927),
"tilts": PackedFloat32Array(0, 0, 0, 0, 0, 0, 0, 0, 0, 0, 0, 0, 0, 0)
}
point_count = 14

[node name="Track1" type="Node3D"]
script = ExtResource("1_n60sw")

[node name="Floor" type="StaticBody3D" parent="."]

[node name="MeshInstance3D" type="MeshInstance3D" parent="Floor"]
mesh = SubResource("PlaneMesh_dxd1k")

[node name="CollisionShape3D" type="CollisionShape3D" parent="Floor"]
transform = Transform3D(1, 0, 0, 0, 1, 0, 0, 0, 1, 0, -0.5, 0)
shape = SubResource("BoxShape3D_kv1kk")

[node name="Path3D" type="Path3D" parent="."]
transform = Transform3D(1, 0, 0, 0, 1, 0, 0, 0, 1, -227.747, 0, 0)
curve = SubResource("Curve3D_38qgw")
script = ExtResource("2_14tws")
tree_count = 750
base_count = 0

[node name="Trees" type="Node3D" parent="Path3D"]

[node name="@Node3D@82574" type="Node3D" parent="Path3D/Trees"]
transform = Transform3D(-0.976345, 0, -0.216218, 0, 1, 0, 0.216218, 0, -0.976345, 54.8442, 0, 1.36947)

[node name="tree" parent="Path3D/Trees/@Node3D@82574" instance=ExtResource("2_ed2u7")]

[node name="@Node3D@82575" type="Node3D" parent="Path3D/Trees"]
transform = Transform3D(-0.812951, 0, 0.582332, 0, 1, 0, -0.582332, 0, -0.812951, -17.7311, 0, -1.66677)

[node name="tree" parent="Path3D/Trees/@Node3D@82575" instance=ExtResource("2_ed2u7")]

[node name="@Node3D@82576" type="Node3D" parent="Path3D/Trees"]
transform = Transform3D(0.0652603, 0, -0.997868, 0, 1, 0, 0.997868, 0, 0.0652603, 59.1699, 0, -4.58799)

[node name="tree" parent="Path3D/Trees/@Node3D@82576" instance=ExtResource("2_ed2u7")]

[node name="@Node3D@82577" type="Node3D" parent="Path3D/Trees"]
transform = Transform3D(0.586084, 0, 0.81025, 0, 1, 0, -0.81025, 0, 0.586084, -17.9761, 0, -4.05803)

[node name="tree" parent="Path3D/Trees/@Node3D@82577" instance=ExtResource("2_ed2u7")]

[node name="@Node3D@82578" type="Node3D" parent="Path3D/Trees"]
transform = Transform3D(-0.931234, 0, -0.364421, 0, 1, 0, 0.364421, 0, -0.931234, 58.4653, 0, -8.40807)

[node name="tree" parent="Path3D/Trees/@Node3D@82578" instance=ExtResource("2_ed2u7")]

[node name="@Node3D@82579" type="Node3D" parent="Path3D/Trees"]
transform = Transform3D(0.752664, 0, 0.658405, 0, 1, 0, -0.658405, 0, 0.752664, 55.4217, 0, -10.1598)

[node name="tree" parent="Path3D/Trees/@Node3D@82579" instance=ExtResource("2_ed2u7")]

[node name="@Node3D@82580" type="Node3D" parent="Path3D/Trees"]
transform = Transform3D(-0.869587, 0, -0.49378, 0, 1, 0, 0.49378, 0, -0.869587, -17.758, 0, -9.45835)

[node name="tree" parent="Path3D/Trees/@Node3D@82580" instance=ExtResource("2_ed2u7")]

[node name="@Node3D@82581" type="Node3D" parent="Path3D/Trees"]
transform = Transform3D(0.754322, 0, -0.656505, 0, 1, 0, 0.656505, 0, 0.754322, -18.4916, 0, -11.6246)

[node name="tree" parent="Path3D/Trees/@Node3D@82581" instance=ExtResource("2_ed2u7")]

[node name="@Node3D@82582" type="Node3D" parent="Path3D/Trees"]
transform = Transform3D(0.0727997, 0, -0.997347, 0, 1, 0, 0.997347, 0, 0.0727997, 53.333, 0, -15.95)

[node name="tree" parent="Path3D/Trees/@Node3D@82582" instance=ExtResource("2_ed2u7")]

[node name="@Node3D@82583" type="Node3D" parent="Path3D/Trees"]
transform = Transform3D(-0.888854, 0, -0.458191, 0, 1, 0, 0.458191, 0, -0.888854, 58.0977, 0, -17.5683)

[node name="tree" parent="Path3D/Trees/@Node3D@82583" instance=ExtResource("2_ed2u7")]

[node name="@Node3D@82584" type="Node3D" parent="Path3D/Trees"]
transform = Transform3D(0.0148562, 0, 0.99989, 0, 1, 0, -0.99989, 0, 0.0148562, 56.4017, 0, -18.4752)

[node name="tree" parent="Path3D/Trees/@Node3D@82584" instance=ExtResource("2_ed2u7")]

[node name="@Node3D@82585" type="Node3D" parent="Path3D/Trees"]
transform = Transform3D(-0.70217, 0, -0.712009, 0, 1, 0, 0.712009, 0, -0.70217, 54.3259, 0, -19.4969)

[node name="tree" parent="Path3D/Trees/@Node3D@82585" instance=ExtResource("2_ed2u7")]

[node name="@Node3D@82586" type="Node3D" parent="Path3D/Trees"]
transform = Transform3D(-0.965902, 0, -0.258908, 0, 1, 0, 0.258908, 0, -0.965902, -22.333, 0, -19.5809)

[node name="tree" parent="Path3D/Trees/@Node3D@82586" instance=ExtResource("2_ed2u7")]

[node name="@Node3D@82587" type="Node3D" parent="Path3D/Trees"]
transform = Transform3D(-0.336855, 0, 0.941557, 0, 1, 0, -0.941557, 0, -0.336855, 51.0114, 0, -21.6464)

[node name="tree" parent="Path3D/Trees/@Node3D@82587" instance=ExtResource("2_ed2u7")]

[node name="@Node3D@82588" type="Node3D" parent="Path3D/Trees"]
transform = Transform3D(0.396627, 0, 0.91798, 0, 1, 0, -0.91798, 0, 0.396627, -21.9339, 0, -22.4683)

[node name="tree" parent="Path3D/Trees/@Node3D@82588" instance=ExtResource("2_ed2u7")]

[node name="@Node3D@82589" type="Node3D" parent="Path3D/Trees"]
transform = Transform3D(-0.31951, 0, -0.947583, 0, 1, 0, 0.947583, 0, -0.31951, -17.6389, 0, -23.9607)

[node name="tree" parent="Path3D/Trees/@Node3D@82589" instance=ExtResource("2_ed2u7")]

[node name="@Node3D@82590" type="Node3D" parent="Path3D/Trees"]
transform = Transform3D(-0.154364, 0, 0.988014, 0, 1, 0, -0.988014, 0, -0.154364, -23.4861, 0, -25.5018)

[node name="tree" parent="Path3D/Trees/@Node3D@82590" instance=ExtResource("2_ed2u7")]

[node name="@Node3D@82591" type="Node3D" parent="Path3D/Trees"]
transform = Transform3D(-0.610534, 0, 0.79199, 0, 1, 0, -0.79199, 0, -0.610534, 49.6058, 0, -26.2783)

[node name="tree" parent="Path3D/Trees/@Node3D@82591" instance=ExtResource("2_ed2u7")]

[node name="@Node3D@82592" type="Node3D" parent="Path3D/Trees"]
transform = Transform3D(-0.688338, 0, -0.725391, 0, 1, 0, 0.725391, 0, -0.688338, -25.6913, 0, -28.7156)

[node name="tree" parent="Path3D/Trees/@Node3D@82592" instance=ExtResource("2_ed2u7")]

[node name="@Node3D@82593" type="Node3D" parent="Path3D/Trees"]
transform = Transform3D(-0.835349, 0, -0.549721, 0, 1, 0, 0.549721, 0, -0.835349, -25.7503, 0, -30.3625)

[node name="tree" parent="Path3D/Trees/@Node3D@82593" instance=ExtResource("2_ed2u7")]

[node name="@Node3D@82594" type="Node3D" parent="Path3D/Trees"]
transform = Transform3D(0.119031, 0, 0.992891, 0, 1, 0, -0.992891, 0, 0.119031, -18.8208, 0, -31.7203)

[node name="tree" parent="Path3D/Trees/@Node3D@82594" instance=ExtResource("2_ed2u7")]

[node name="@Node3D@82595" type="Node3D" parent="Path3D/Trees"]
transform = Transform3D(-0.532034, 0, 0.846723, 0, 1, 0, -0.846723, 0, -0.532034, -19.8718, 0, -33.4273)

[node name="tree" parent="Path3D/Trees/@Node3D@82595" instance=ExtResource("2_ed2u7")]

[node name="@Node3D@82596" type="Node3D" parent="Path3D/Trees"]
transform = Transform3D(0.929077, 0, -0.369888, 0, 1, 0, 0.369888, 0, 0.929077, -25.9957, 0, -35.3816)

[node name="tree" parent="Path3D/Trees/@Node3D@82596" instance=ExtResource("2_ed2u7")]

[node name="@Node3D@82597" type="Node3D" parent="Path3D/Trees"]
transform = Transform3D(0.795622, 0, -0.605793, 0, 1, 0, 0.605793, 0, 0.795622, 51.8581, 0, -33.5209)

[node name="tree" parent="Path3D/Trees/@Node3D@82597" instance=ExtResource("2_ed2u7")]

[node name="@Node3D@82598" type="Node3D" parent="Path3D/Trees"]
transform = Transform3D(0.55579, 0, 0.831323, 0, 1, 0, -0.831323, 0, 0.55579, -20.4239, 0, -38.6717)

[node name="tree" parent="Path3D/Trees/@Node3D@82598" instance=ExtResource("2_ed2u7")]

[node name="@Node3D@82599" type="Node3D" parent="Path3D/Trees"]
transform = Transform3D(-0.987396, 0, 0.158267, 0, 1, 0, -0.158267, 0, -0.987396, 53.888, 0, -35.9681)

[node name="tree" parent="Path3D/Trees/@Node3D@82599" instance=ExtResource("2_ed2u7")]

[node name="@Node3D@82600" type="Node3D" parent="Path3D/Trees"]
transform = Transform3D(0.912272, 0, -0.409585, 0, 1, 0, 0.409585, 0, 0.912272, 52.6806, 0, -37.3396)

[node name="tree" parent="Path3D/Trees/@Node3D@82600" instance=ExtResource("2_ed2u7")]

[node name="@Node3D@82601" type="Node3D" parent="Path3D/Trees"]
transform = Transform3D(-0.961923, 0, -0.273319, 0, 1, 0, 0.273319, 0, -0.961923, 50.378, 0, -38.8243)

[node name="tree" parent="Path3D/Trees/@Node3D@82601" instance=ExtResource("2_ed2u7")]

[node name="@Node3D@82602" type="Node3D" parent="Path3D/Trees"]
transform = Transform3D(0.555172, 0, 0.831735, 0, 1, 0, -0.831735, 0, 0.555172, -16.886, 0, -45.7481)

[node name="tree" parent="Path3D/Trees/@Node3D@82602" instance=ExtResource("2_ed2u7")]

[node name="@Node3D@82603" type="Node3D" parent="Path3D/Trees"]
transform = Transform3D(-0.0797634, 0, -0.996814, 0, 1, 0, 0.996814, 0, -0.0797634, -24.5611, 0, -48.1755)

[node name="tree" parent="Path3D/Trees/@Node3D@82603" instance=ExtResource("2_ed2u7")]

[node name="@Node3D@82604" type="Node3D" parent="Path3D/Trees"]
transform = Transform3D(0.99988, 0, -0.0155145, 0, 1, 0, 0.0155145, 0, 0.99988, 50.7006, 0, -42.7365)

[node name="tree" parent="Path3D/Trees/@Node3D@82604" instance=ExtResource("2_ed2u7")]

[node name="@Node3D@82605" type="Node3D" parent="Path3D/Trees"]
transform = Transform3D(0.97402, 0, -0.226461, 0, 1, 0, 0.226461, 0, 0.97402, -24.8996, 0, -52.1886)

[node name="tree" parent="Path3D/Trees/@Node3D@82605" instance=ExtResource("2_ed2u7")]

[node name="@Node3D@82606" type="Node3D" parent="Path3D/Trees"]
transform = Transform3D(0.747864, 0, -0.663852, 0, 1, 0, 0.663852, 0, 0.747864, -17.613, 0, -53.3816)

[node name="tree" parent="Path3D/Trees/@Node3D@82606" instance=ExtResource("2_ed2u7")]

[node name="@Node3D@82607" type="Node3D" parent="Path3D/Trees"]
transform = Transform3D(-0.20977, 0, -0.977751, 0, 1, 0, 0.977751, 0, -0.20977, -19.9522, 0, -55.6711)

[node name="tree" parent="Path3D/Trees/@Node3D@82607" instance=ExtResource("2_ed2u7")]

[node name="@Node3D@82608" type="Node3D" parent="Path3D/Trees"]
transform = Transform3D(0.529791, 0, -0.848128, 0, 1, 0, 0.848128, 0, 0.529791, 51.1141, 0, -48.2375)

[node name="tree" parent="Path3D/Trees/@Node3D@82608" instance=ExtResource("2_ed2u7")]

[node name="@Node3D@82609" type="Node3D" parent="Path3D/Trees"]
transform = Transform3D(-0.977991, 0, 0.208645, 0, 1, 0, -0.208645, 0, -0.977991, 59.2285, 0, -48.4908)

[node name="tree" parent="Path3D/Trees/@Node3D@82609" instance=ExtResource("2_ed2u7")]

[node name="@Node3D@82610" type="Node3D" parent="Path3D/Trees"]
transform = Transform3D(0.716234, 0, 0.69786, 0, 1, 0, -0.69786, 0, 0.716234, -16.437, 0, -61.3603)

[node name="tree" parent="Path3D/Trees/@Node3D@82610" instance=ExtResource("2_ed2u7")]

[node name="@Node3D@82611" type="Node3D" parent="Path3D/Trees"]
transform = Transform3D(0.505931, 0, 0.862574, 0, 1, 0, -0.862574, 0, 0.505931, -18.3989, 0, -63.775)

[node name="tree" parent="Path3D/Trees/@Node3D@82611" instance=ExtResource("2_ed2u7")]

[node name="@Node3D@82612" type="Node3D" parent="Path3D/Trees"]
transform = Transform3D(-0.521022, 0, -0.853543, 0, 1, 0, 0.853543, 0, -0.521022, 56.5511, 0, -53.0307)

[node name="tree" parent="Path3D/Trees/@Node3D@82612" instance=ExtResource("2_ed2u7")]

[node name="@Node3D@82613" type="Node3D" parent="Path3D/Trees"]
transform = Transform3D(0.698397, 0, 0.715711, 0, 1, 0, -0.715711, 0, 0.698397, 53.7761, 0, -54.7897)

[node name="tree" parent="Path3D/Trees/@Node3D@82613" instance=ExtResource("2_ed2u7")]

[node name="@Node3D@82614" type="Node3D" parent="Path3D/Trees"]
transform = Transform3D(0.999243, 0, -0.0388907, 0, 1, 0, 0.0388907, 0, 0.999243, 53.6785, 0, -56.2403)

[node name="tree" parent="Path3D/Trees/@Node3D@82614" instance=ExtResource("2_ed2u7")]

[node name="@Node3D@82615" type="Node3D" parent="Path3D/Trees"]
transform = Transform3D(0.44808, 0, 0.893994, 0, 1, 0, -0.893994, 0, 0.44808, 59.6959, 0, -56.4593)

[node name="tree" parent="Path3D/Trees/@Node3D@82615" instance=ExtResource("2_ed2u7")]

[node name="@Node3D@82616" type="Node3D" parent="Path3D/Trees"]
transform = Transform3D(0.982502, 0, -0.186251, 0, 1, 0, 0.186251, 0, 0.982502, 61.5935, 0, -57.4356)

[node name="tree" parent="Path3D/Trees/@Node3D@82616" instance=ExtResource("2_ed2u7")]

[node name="@Node3D@82617" type="Node3D" parent="Path3D/Trees"]
transform = Transform3D(-0.695357, 0, 0.718664, 0, 1, 0, -0.718664, 0, -0.695357, -13.6887, 0, -75.8187)

[node name="tree" parent="Path3D/Trees/@Node3D@82617" instance=ExtResource("2_ed2u7")]

[node name="@Node3D@82618" type="Node3D" parent="Path3D/Trees"]
transform = Transform3D(-0.187865, 0, 0.982195, 0, 1, 0, -0.982195, 0, -0.187865, 55.1332, 0, -61.7174)

[node name="tree" parent="Path3D/Trees/@Node3D@82618" instance=ExtResource("2_ed2u7")]

[node name="@Node3D@82619" type="Node3D" parent="Path3D/Trees"]
transform = Transform3D(0.373477, 0, 0.927639, 0, 1, 0, -0.927639, 0, 0.373477, -19.9149, 0, -81.936)

[node name="tree" parent="Path3D/Trees/@Node3D@82619" instance=ExtResource("2_ed2u7")]

[node name="@Node3D@82620" type="Node3D" parent="Path3D/Trees"]
transform = Transform3D(-0.984207, 0, 0.177021, 0, 1, 0, -0.177021, 0, -0.984207, -13.1347, 0, -82.5622)

[node name="tree" parent="Path3D/Trees/@Node3D@82620" instance=ExtResource("2_ed2u7")]

[node name="@Node3D@82621" type="Node3D" parent="Path3D/Trees"]
transform = Transform3D(-0.315634, 0, -0.948881, 0, 1, 0, 0.948881, 0, -0.315634, 61.6729, 0, -64.331)

[node name="tree" parent="Path3D/Trees/@Node3D@82621" instance=ExtResource("2_ed2u7")]

[node name="@Node3D@82622" type="Node3D" parent="Path3D/Trees"]
transform = Transform3D(-0.730029, 0, -0.683416, 0, 1, 0, 0.683416, 0, -0.730029, -10.2726, 0, -86.4696)

[node name="tree" parent="Path3D/Trees/@Node3D@82622" instance=ExtResource("2_ed2u7")]

[node name="@Node3D@82623" type="Node3D" parent="Path3D/Trees"]
transform = Transform3D(-0.99737, 0, -0.0724835, 0, 1, 0, 0.0724835, 0, -0.99737, -12.3689, 0, -89.294)

[node name="tree" parent="Path3D/Trees/@Node3D@82623" instance=ExtResource("2_ed2u7")]

[node name="@Node3D@82624" type="Node3D" parent="Path3D/Trees"]
transform = Transform3D(-0.783112, 0, 0.62188, 0, 1, 0, -0.62188, 0, -0.783112, 62.0584, 0, -68.3322)

[node name="tree" parent="Path3D/Trees/@Node3D@82624" instance=ExtResource("2_ed2u7")]

[node name="@Node3D@82625" type="Node3D" parent="Path3D/Trees"]
transform = Transform3D(-0.806594, 0, 0.591106, 0, 1, 0, -0.591106, 0, -0.806594, 63.5812, 0, -69.2572)

[node name="tree" parent="Path3D/Trees/@Node3D@82625" instance=ExtResource("2_ed2u7")]

[node name="@Node3D@82626" type="Node3D" parent="Path3D/Trees"]
transform = Transform3D(0.989834, 0, -0.142225, 0, 1, 0, 0.142225, 0, 0.989834, 57.4633, 0, -72.7717)

[node name="tree" parent="Path3D/Trees/@Node3D@82626" instance=ExtResource("2_ed2u7")]

[node name="@Node3D@82627" type="Node3D" parent="Path3D/Trees"]
transform = Transform3D(-0.817647, 0, -0.57572, 0, 1, 0, 0.57572, 0, -0.817647, 58.3267, 0, -73.9776)

[node name="tree" parent="Path3D/Trees/@Node3D@82627" instance=ExtResource("2_ed2u7")]

[node name="@Node3D@82628" type="Node3D" parent="Path3D/Trees"]
transform = Transform3D(-0.1309, 0, -0.991395, 0, 1, 0, 0.991395, 0, -0.1309, 57.4973, 0, -75.8039)

[node name="tree" parent="Path3D/Trees/@Node3D@82628" instance=ExtResource("2_ed2u7")]

[node name="@Node3D@82629" type="Node3D" parent="Path3D/Trees"]
transform = Transform3D(0.238147, 0, -0.971229, 0, 1, 0, 0.971229, 0, 0.238147, 60.3643, 0, -76.2305)

[node name="tree" parent="Path3D/Trees/@Node3D@82629" instance=ExtResource("2_ed2u7")]

[node name="@Node3D@82630" type="Node3D" parent="Path3D/Trees"]
transform = Transform3D(0.484949, 0, -0.874543, 0, 1, 0, 0.874543, 0, 0.484949, 61.6974, 0, -77.2018)

[node name="tree" parent="Path3D/Trees/@Node3D@82630" instance=ExtResource("2_ed2u7")]

[node name="@Node3D@82631" type="Node3D" parent="Path3D/Trees"]
transform = Transform3D(0.645859, 0, -0.763457, 0, 1, 0, 0.763457, 0, 0.645859, -6.39225, 0, -107.497)

[node name="tree" parent="Path3D/Trees/@Node3D@82631" instance=ExtResource("2_ed2u7")]

[node name="@Node3D@82632" type="Node3D" parent="Path3D/Trees"]
transform = Transform3D(0.55126, 0, -0.834334, 0, 1, 0, 0.834334, 0, 0.55126, 62.5077, 0, -79.7479)

[node name="tree" parent="Path3D/Trees/@Node3D@82632" instance=ExtResource("2_ed2u7")]

[node name="@Node3D@82633" type="Node3D" parent="Path3D/Trees"]
transform = Transform3D(-0.0887197, 0, 0.996057, 0, 1, 0, -0.996057, 0, -0.0887197, -8.0319, 0, -113.492)

[node name="tree" parent="Path3D/Trees/@Node3D@82633" instance=ExtResource("2_ed2u7")]

[node name="@Node3D@82634" type="Node3D" parent="Path3D/Trees"]
transform = Transform3D(-0.993202, 0, -0.116401, 0, 1, 0, 0.116401, 0, -0.993202, 68.2878, 0, -80.0727)

[node name="tree" parent="Path3D/Trees/@Node3D@82634" instance=ExtResource("2_ed2u7")]

[node name="@Node3D@82635" type="Node3D" parent="Path3D/Trees"]
transform = Transform3D(0.139272, 0, -0.990254, 0, 1, 0, 0.990254, 0, 0.139272, 62.7163, 0, -84.2824)

[node name="tree" parent="Path3D/Trees/@Node3D@82635" instance=ExtResource("2_ed2u7")]

[node name="@Node3D@82636" type="Node3D" parent="Path3D/Trees"]
transform = Transform3D(0.868221, 0, -0.496178, 0, 1, 0, 0.496178, 0, 0.868221, 63.6903, 0, -85.3683)

[node name="tree" parent="Path3D/Trees/@Node3D@82636" instance=ExtResource("2_ed2u7")]

[node name="@Node3D@82637" type="Node3D" parent="Path3D/Trees"]
transform = Transform3D(-0.841973, 0, 0.539519, 0, 1, 0, -0.539519, 0, -0.841973, -1.6269, 0, -121.823)

[node name="tree" parent="Path3D/Trees/@Node3D@82637" instance=ExtResource("2_ed2u7")]

[node name="@Node3D@82638" type="Node3D" parent="Path3D/Trees"]
transform = Transform3D(0.979514, 0, 0.201378, 0, 1, 0, -0.201378, 0, 0.979514, 68.9126, 0, -85.6843)

[node name="tree" parent="Path3D/Trees/@Node3D@82638" instance=ExtResource("2_ed2u7")]

[node name="@Node3D@82639" type="Node3D" parent="Path3D/Trees"]
transform = Transform3D(-0.83797, 0, -0.545716, 0, 1, 0, 0.545716, 0, -0.83797, 2.03822, 0, -125.741)

[node name="tree" parent="Path3D/Trees/@Node3D@82639" instance=ExtResource("2_ed2u7")]

[node name="@Node3D@82640" type="Node3D" parent="Path3D/Trees"]
transform = Transform3D(-0.974615, 0, 0.223887, 0, 1, 0, -0.223887, 0, -0.974615, 72.8738, 0, -86.4195)

[node name="tree" parent="Path3D/Trees/@Node3D@82640" instance=ExtResource("2_ed2u7")]

[node name="@Node3D@82641" type="Node3D" parent="Path3D/Trees"]
transform = Transform3D(0.854518, 0, -0.519422, 0, 1, 0, 0.519422, 0, 0.854518, 68.7241, 0, -90.5506)

[node name="tree" parent="Path3D/Trees/@Node3D@82641" instance=ExtResource("2_ed2u7")]

[node name="@Node3D@82642" type="Node3D" parent="Path3D/Trees"]
transform = Transform3D(0.972468, 0, 0.233035, 0, 1, 0, -0.233035, 0, 0.972468, 73.4217, 0, -88.9885)

[node name="tree" parent="Path3D/Trees/@Node3D@82642" instance=ExtResource("2_ed2u7")]

[node name="@Node3D@82643" type="Node3D" parent="Path3D/Trees"]
transform = Transform3D(-0.300694, 0, 0.953721, 0, 1, 0, -0.953721, 0, -0.300694, 74.6771, 0, -89.7126)

[node name="tree" parent="Path3D/Trees/@Node3D@82643" instance=ExtResource("2_ed2u7")]

[node name="@Node3D@82644" type="Node3D" parent="Path3D/Trees"]
transform = Transform3D(-0.827312, 0, 0.561742, 0, 1, 0, -0.561742, 0, -0.827312, 10.7875, 0, -135.521)

[node name="tree" parent="Path3D/Trees/@Node3D@82644" instance=ExtResource("2_ed2u7")]

[node name="@Node3D@82645" type="Node3D" parent="Path3D/Trees"]
transform = Transform3D(0.957591, 0, -0.28813, 0, 1, 0, 0.28813, 0, 0.957591, 7.69929, 0, -141.023)

[node name="tree" parent="Path3D/Trees/@Node3D@82645" instance=ExtResource("2_ed2u7")]

[node name="@Node3D@82646" type="Node3D" parent="Path3D/Trees"]
transform = Transform3D(0.089303, 0, 0.996005, 0, 1, 0, -0.996005, 0, 0.089303, 13.6418, 0, -140.065)

[node name="tree" parent="Path3D/Trees/@Node3D@82646" instance=ExtResource("2_ed2u7")]

[node name="@Node3D@82647" type="Node3D" parent="Path3D/Trees"]
transform = Transform3D(0.164358, 0, 0.986401, 0, 1, 0, -0.986401, 0, 0.164358, 13.3228, 0, -143.736)

[node name="tree" parent="Path3D/Trees/@Node3D@82647" instance=ExtResource("2_ed2u7")]

[node name="@Node3D@82648" type="Node3D" parent="Path3D/Trees"]
transform = Transform3D(0.289358, 0, 0.957221, 0, 1, 0, -0.957221, 0, 0.289358, 76.7195, 0, -96.3882)

[node name="tree" parent="Path3D/Trees/@Node3D@82648" instance=ExtResource("2_ed2u7")]

[node name="@Node3D@82649" type="Node3D" parent="Path3D/Trees"]
transform = Transform3D(-0.868515, 0, 0.495664, 0, 1, 0, -0.495664, 0, -0.868515, 75.7539, 0, -98.9602)

[node name="tree" parent="Path3D/Trees/@Node3D@82649" instance=ExtResource("2_ed2u7")]

[node name="@Node3D@82650" type="Node3D" parent="Path3D/Trees"]
transform = Transform3D(0.934766, 0, 0.355265, 0, 1, 0, -0.355265, 0, 0.934766, 77.7347, 0, -99.5077)

[node name="tree" parent="Path3D/Trees/@Node3D@82650" instance=ExtResource("2_ed2u7")]

[node name="@Node3D@82651" type="Node3D" parent="Path3D/Trees"]
transform = Transform3D(0.980091, 0, -0.198548, 0, 1, 0, 0.198548, 0, 0.980091, 81.7652, 0, -98.6351)

[node name="tree" parent="Path3D/Trees/@Node3D@82651" instance=ExtResource("2_ed2u7")]

[node name="@Node3D@82652" type="Node3D" parent="Path3D/Trees"]
transform = Transform3D(-0.969023, 0, 0.246969, 0, 1, 0, -0.246969, 0, -0.969023, 76.8578, 0, -105.24)

[node name="tree" parent="Path3D/Trees/@Node3D@82652" instance=ExtResource("2_ed2u7")]

[node name="@Node3D@82653" type="Node3D" parent="Path3D/Trees"]
transform = Transform3D(0.517817, 0, 0.855492, 0, 1, 0, -0.855492, 0, 0.517817, 83.2742, 0, -102.039)

[node name="tree" parent="Path3D/Trees/@Node3D@82653" instance=ExtResource("2_ed2u7")]

[node name="@Node3D@82654" type="Node3D" parent="Path3D/Trees"]
transform = Transform3D(-0.989242, 0, -0.146287, 0, 1, 0, 0.146287, 0, -0.989242, 79.8163, 0, -107.622)

[node name="tree" parent="Path3D/Trees/@Node3D@82654" instance=ExtResource("2_ed2u7")]

[node name="@Node3D@82655" type="Node3D" parent="Path3D/Trees"]
transform = Transform3D(-0.611418, 0, 0.791307, 0, 1, 0, -0.791307, 0, -0.611418, 29.0391, 0, -157.274)

[node name="tree" parent="Path3D/Trees/@Node3D@82655" instance=ExtResource("2_ed2u7")]

[node name="@Node3D@82656" type="Node3D" parent="Path3D/Trees"]
transform = Transform3D(0.136887, 0, -0.990587, 0, 1, 0, 0.990587, 0, 0.136887, 87.4779, 0, -105.249)

[node name="tree" parent="Path3D/Trees/@Node3D@82656" instance=ExtResource("2_ed2u7")]

[node name="@Node3D@82657" type="Node3D" parent="Path3D/Trees"]
transform = Transform3D(0.849528, 0, 0.527543, 0, 1, 0, -0.527543, 0, 0.849528, 31.3915, 0, -161.663)

[node name="tree" parent="Path3D/Trees/@Node3D@82657" instance=ExtResource("2_ed2u7")]

[node name="@Node3D@82658" type="Node3D" parent="Path3D/Trees"]
transform = Transform3D(-0.945279, 0, -0.326264, 0, 1, 0, 0.326264, 0, -0.945279, 32.6603, 0, -163.741)

[node name="tree" parent="Path3D/Trees/@Node3D@82658" instance=ExtResource("2_ed2u7")]

[node name="@Node3D@82659" type="Node3D" parent="Path3D/Trees"]
transform = Transform3D(0.980854, 0, -0.194747, 0, 1, 0, 0.194747, 0, 0.980854, 85.5854, 0, -113.876)

[node name="tree" parent="Path3D/Trees/@Node3D@82659" instance=ExtResource("2_ed2u7")]

[node name="@Node3D@82660" type="Node3D" parent="Path3D/Trees"]
transform = Transform3D(0.677769, 0, 0.735275, 0, 1, 0, -0.735275, 0, 0.677769, 35.8062, 0, -167.208)

[node name="tree" parent="Path3D/Trees/@Node3D@82660" instance=ExtResource("2_ed2u7")]

[node name="@Node3D@82661" type="Node3D" parent="Path3D/Trees"]
transform = Transform3D(0.900512, 0, 0.434832, 0, 1, 0, -0.434832, 0, 0.900512, 38.4378, 0, -167.533)

[node name="tree" parent="Path3D/Trees/@Node3D@82661" instance=ExtResource("2_ed2u7")]

[node name="@Node3D@82662" type="Node3D" parent="Path3D/Trees"]
transform = Transform3D(0.881997, 0, 0.471255, 0, 1, 0, -0.471255, 0, 0.881997, 90.2941, 0, -115.325)

[node name="tree" parent="Path3D/Trees/@Node3D@82662" instance=ExtResource("2_ed2u7")]

[node name="@Node3D@82663" type="Node3D" parent="Path3D/Trees"]
transform = Transform3D(0.699514, 0, 0.714619, 0, 1, 0, -0.714619, 0, 0.699514, 41.6774, 0, -170.697)

[node name="tree" parent="Path3D/Trees/@Node3D@82663" instance=ExtResource("2_ed2u7")]

[node name="@Node3D@82664" type="Node3D" parent="Path3D/Trees"]
transform = Transform3D(0.990579, 0, 0.136941, 0, 1, 0, -0.136941, 0, 0.990579, 89.7505, 0, -120.104)

[node name="tree" parent="Path3D/Trees/@Node3D@82664" instance=ExtResource("2_ed2u7")]

[node name="@Node3D@82665" type="Node3D" parent="Path3D/Trees"]
transform = Transform3D(0.969927, 0, 0.243396, 0, 1, 0, -0.243396, 0, 0.969927, 95.058, 0, -116.09)

[node name="tree" parent="Path3D/Trees/@Node3D@82665" instance=ExtResource("2_ed2u7")]

[node name="@Node3D@82666" type="Node3D" parent="Path3D/Trees"]
transform = Transform3D(0.740992, 0, 0.671514, 0, 1, 0, -0.671514, 0, 0.740992, 92.0738, 0, -121.543)

[node name="tree" parent="Path3D/Trees/@Node3D@82666" instance=ExtResource("2_ed2u7")]

[node name="@Node3D@82667" type="Node3D" parent="Path3D/Trees"]
transform = Transform3D(-0.954358, 0, 0.298665, 0, 1, 0, -0.298665, 0, -0.954358, 46.8176, 0, -178.329)

[node name="tree" parent="Path3D/Trees/@Node3D@82667" instance=ExtResource("2_ed2u7")]

[node name="@Node3D@82668" type="Node3D" parent="Path3D/Trees"]
transform = Transform3D(0.18558, 0, -0.982629, 0, 1, 0, 0.982629, 0, 0.18558, 46.7121, 0, -181.961)

[node name="tree" parent="Path3D/Trees/@Node3D@82668" instance=ExtResource("2_ed2u7")]

[node name="@Node3D@82669" type="Node3D" parent="Path3D/Trees"]
transform = Transform3D(0.795464, 0, 0.606001, 0, 1, 0, -0.606001, 0, 0.795464, 96.3786, 0, -122.138)

[node name="tree" parent="Path3D/Trees/@Node3D@82669" instance=ExtResource("2_ed2u7")]

[node name="@Node3D@82670" type="Node3D" parent="Path3D/Trees"]
transform = Transform3D(-0.862824, 0, -0.505504, 0, 1, 0, 0.505504, 0, -0.862824, 100.454, 0, -118.745)

[node name="tree" parent="Path3D/Trees/@Node3D@82670" instance=ExtResource("2_ed2u7")]

[node name="@Node3D@82671" type="Node3D" parent="Path3D/Trees"]
transform = Transform3D(-0.992604, 0, 0.121401, 0, 1, 0, -0.121401, 0, -0.992604, 52.0416, 0, -185.573)

[node name="tree" parent="Path3D/Trees/@Node3D@82671" instance=ExtResource("2_ed2u7")]

[node name="@Node3D@82672" type="Node3D" parent="Path3D/Trees"]
transform = Transform3D(0.993939, 0, -0.109929, 0, 1, 0, 0.109929, 0, 0.993939, 56.2106, 0, -183.508)

[node name="tree" parent="Path3D/Trees/@Node3D@82672" instance=ExtResource("2_ed2u7")]

[node name="@Node3D@82673" type="Node3D" parent="Path3D/Trees"]
transform = Transform3D(0.971854, 0, 0.235585, 0, 1, 0, -0.235585, 0, 0.971854, 98.5828, 0, -126.545)

[node name="tree" parent="Path3D/Trees/@Node3D@82673" instance=ExtResource("2_ed2u7")]

[node name="@Node3D@82674" type="Node3D" parent="Path3D/Trees"]
transform = Transform3D(-0.923096, 0, 0.384569, 0, 1, 0, -0.384569, 0, -0.923096, 102.829, 0, -122.178)

[node name="tree" parent="Path3D/Trees/@Node3D@82674" instance=ExtResource("2_ed2u7")]

[node name="@Node3D@82675" type="Node3D" parent="Path3D/Trees"]
transform = Transform3D(-0.529508, 0, -0.848305, 0, 1, 0, 0.848305, 0, -0.529508, 59.7697, 0, -189.533)

[node name="tree" parent="Path3D/Trees/@Node3D@82675" instance=ExtResource("2_ed2u7")]

[node name="@Node3D@82676" type="Node3D" parent="Path3D/Trees"]
transform = Transform3D(-0.943969, 0, 0.330035, 0, 1, 0, -0.330035, 0, -0.943969, 104.608, 0, -122.891)

[node name="tree" parent="Path3D/Trees/@Node3D@82676" instance=ExtResource("2_ed2u7")]

[node name="@Node3D@82677" type="Node3D" parent="Path3D/Trees"]
transform = Transform3D(-0.0690828, 0, 0.997611, 0, 1, 0, -0.997611, 0, -0.0690828, 64.8111, 0, -189.397)

[node name="tree" parent="Path3D/Trees/@Node3D@82677" instance=ExtResource("2_ed2u7")]

[node name="@Node3D@82678" type="Node3D" parent="Path3D/Trees"]
transform = Transform3D(-0.290871, 0, 0.956762, 0, 1, 0, -0.956762, 0, -0.290871, 105.778, 0, -124.414)

[node name="tree" parent="Path3D/Trees/@Node3D@82678" instance=ExtResource("2_ed2u7")]

[node name="@Node3D@82679" type="Node3D" parent="Path3D/Trees"]
transform = Transform3D(0.476539, 0, -0.879153, 0, 1, 0, 0.879153, 0, 0.476539, 106.095, 0, -125.692)

[node name="tree" parent="Path3D/Trees/@Node3D@82679" instance=ExtResource("2_ed2u7")]

[node name="@Node3D@82680" type="Node3D" parent="Path3D/Trees"]
transform = Transform3D(0.273031, 0, 0.962005, 0, 1, 0, -0.962005, 0, 0.273031, 106.467, 0, -126.605)

[node name="tree" parent="Path3D/Trees/@Node3D@82680" instance=ExtResource("2_ed2u7")]

[node name="@Node3D@82681" type="Node3D" parent="Path3D/Trees"]
transform = Transform3D(0.0847267, 0, 0.996404, 0, 1, 0, -0.996404, 0, 0.0847267, 104.665, 0, -131.824)

[node name="tree" parent="Path3D/Trees/@Node3D@82681" instance=ExtResource("2_ed2u7")]

[node name="@Node3D@82682" type="Node3D" parent="Path3D/Trees"]
transform = Transform3D(0.555261, 0, -0.831676, 0, 1, 0, 0.831676, 0, 0.555261, 70.72, 0, -199.829)

[node name="tree" parent="Path3D/Trees/@Node3D@82682" instance=ExtResource("2_ed2u7")]

[node name="@Node3D@82683" type="Node3D" parent="Path3D/Trees"]
transform = Transform3D(-0.945585, 0, -0.325376, 0, 1, 0, 0.325376, 0, -0.945585, 107.65, 0, -130.051)

[node name="tree" parent="Path3D/Trees/@Node3D@82683" instance=ExtResource("2_ed2u7")]

[node name="@Node3D@82684" type="Node3D" parent="Path3D/Trees"]
transform = Transform3D(0.620358, 0, 0.784319, 0, 1, 0, -0.784319, 0, 0.620358, 107.447, 0, -132.542)

[node name="tree" parent="Path3D/Trees/@Node3D@82684" instance=ExtResource("2_ed2u7")]

[node name="@Node3D@82685" type="Node3D" parent="Path3D/Trees"]
transform = Transform3D(-0.900459, 0, -0.434941, 0, 1, 0, 0.434941, 0, -0.900459, 110.492, 0, -128.1)

[node name="tree" parent="Path3D/Trees/@Node3D@82685" instance=ExtResource("2_ed2u7")]

[node name="@Node3D@82686" type="Node3D" parent="Path3D/Trees"]
transform = Transform3D(0.918676, 0, -0.395012, 0, 1, 0, 0.395012, 0, 0.918676, 78.6765, 0, -202.691)

[node name="tree" parent="Path3D/Trees/@Node3D@82686" instance=ExtResource("2_ed2u7")]

[node name="@Node3D@82687" type="Node3D" parent="Path3D/Trees"]
transform = Transform3D(0.520189, 0, 0.854051, 0, 1, 0, -0.854051, 0, 0.520189, 113.226, 0, -125.936)

[node name="tree" parent="Path3D/Trees/@Node3D@82687" instance=ExtResource("2_ed2u7")]

[node name="@Node3D@82688" type="Node3D" parent="Path3D/Trees"]
transform = Transform3D(-0.98243, 0, -0.186633, 0, 1, 0, 0.186633, 0, -0.98243, 112.941, 0, -128.783)

[node name="tree" parent="Path3D/Trees/@Node3D@82688" instance=ExtResource("2_ed2u7")]

[node name="@Node3D@82689" type="Node3D" parent="Path3D/Trees"]
transform = Transform3D(0.114329, 0, 0.993443, 0, 1, 0, -0.993443, 0, 0.114329, 86.318, 0, -200.198)

[node name="tree" parent="Path3D/Trees/@Node3D@82689" instance=ExtResource("2_ed2u7")]

[node name="@Node3D@82690" type="Node3D" parent="Path3D/Trees"]
transform = Transform3D(0.993267, 0, 0.11585, 0, 1, 0, -0.11585, 0, 0.993267, 115.047, 0, -127.799)

[node name="tree" parent="Path3D/Trees/@Node3D@82690" instance=ExtResource("2_ed2u7")]

[node name="@Node3D@82691" type="Node3D" parent="Path3D/Trees"]
transform = Transform3D(0.0724945, 0, 0.997369, 0, 1, 0, -0.997369, 0, 0.0724945, 113.791, 0, -133.892)

[node name="tree" parent="Path3D/Trees/@Node3D@82691" instance=ExtResource("2_ed2u7")]

[node name="@Node3D@82692" type="Node3D" parent="Path3D/Trees"]
transform = Transform3D(-0.958825, 0, -0.283998, 0, 1, 0, 0.283998, 0, -0.958825, 114.669, 0, -134.256)

[node name="tree" parent="Path3D/Trees/@Node3D@82692" instance=ExtResource("2_ed2u7")]

[node name="@Node3D@82693" type="Node3D" parent="Path3D/Trees"]
transform = Transform3D(-0.59427, 0, -0.804266, 0, 1, 0, 0.804266, 0, -0.59427, 117.948, 0, -127.189)

[node name="tree" parent="Path3D/Trees/@Node3D@82693" instance=ExtResource("2_ed2u7")]

[node name="@Node3D@82694" type="Node3D" parent="Path3D/Trees"]
transform = Transform3D(0.996224, 0, -0.0868213, 0, 1, 0, 0.0868213, 0, 0.996224, 94.5384, 0, -206.917)

[node name="tree" parent="Path3D/Trees/@Node3D@82694" instance=ExtResource("2_ed2u7")]

[node name="@Node3D@82695" type="Node3D" parent="Path3D/Trees"]
transform = Transform3D(-0.158687, 0, -0.987329, 0, 1, 0, 0.987329, 0, -0.158687, 119.675, 0, -127.564)

[node name="tree" parent="Path3D/Trees/@Node3D@82695" instance=ExtResource("2_ed2u7")]

[node name="@Node3D@82696" type="Node3D" parent="Path3D/Trees"]
transform = Transform3D(0.652619, 0, -0.757686, 0, 1, 0, 0.757686, 0, 0.652619, 119.717, 0, -130.861)

[node name="tree" parent="Path3D/Trees/@Node3D@82696" instance=ExtResource("2_ed2u7")]

[node name="@Node3D@82697" type="Node3D" parent="Path3D/Trees"]
transform = Transform3D(0.683864, 0, -0.729609, 0, 1, 0, 0.729609, 0, 0.683864, 101.514, 0, -204.53)

[node name="tree" parent="Path3D/Trees/@Node3D@82697" instance=ExtResource("2_ed2u7")]

[node name="@Node3D@82698" type="Node3D" parent="Path3D/Trees"]
transform = Transform3D(-0.931057, 0, -0.364873, 0, 1, 0, 0.364873, 0, -0.931057, 120.461, 0, -136.14)

[node name="tree" parent="Path3D/Trees/@Node3D@82698" instance=ExtResource("2_ed2u7")]

[node name="@Node3D@82699" type="Node3D" parent="Path3D/Trees"]
transform = Transform3D(-0.0351392, 0, -0.999382, 0, 1, 0, 0.999382, 0, -0.0351392, 121.477, 0, -136.733)

[node name="tree" parent="Path3D/Trees/@Node3D@82699" instance=ExtResource("2_ed2u7")]

[node name="@Node3D@82700" type="Node3D" parent="Path3D/Trees"]
transform = Transform3D(-0.979716, 0, 0.200392, 0, 1, 0, -0.200392, 0, -0.979716, 122.855, 0, -135.171)

[node name="tree" parent="Path3D/Trees/@Node3D@82700" instance=ExtResource("2_ed2u7")]

[node name="@Node3D@82701" type="Node3D" parent="Path3D/Trees"]
transform = Transform3D(0.895516, 0, -0.445029, 0, 1, 0, 0.445029, 0, 0.895516, 107.802, 0, -212.802)

[node name="tree" parent="Path3D/Trees/@Node3D@82701" instance=ExtResource("2_ed2u7")]

[node name="@Node3D@82702" type="Node3D" parent="Path3D/Trees"]
transform = Transform3D(0.703482, 0, 0.710713, 0, 1, 0, -0.710713, 0, 0.703482, 125.878, 0, -131.704)

[node name="tree" parent="Path3D/Trees/@Node3D@82702" instance=ExtResource("2_ed2u7")]

[node name="@Node3D@82703" type="Node3D" parent="Path3D/Trees"]
transform = Transform3D(0.0656909, 0, -0.99784, 0, 1, 0, 0.99784, 0, 0.0656909, 113.301, 0, -206.117)

[node name="tree" parent="Path3D/Trees/@Node3D@82703" instance=ExtResource("2_ed2u7")]

[node name="@Node3D@82704" type="Node3D" parent="Path3D/Trees"]
transform = Transform3D(0.925937, 0, 0.377679, 0, 1, 0, -0.377679, 0, 0.925937, 114.632, 0, -210.267)

[node name="tree" parent="Path3D/Trees/@Node3D@82704" instance=ExtResource("2_ed2u7")]

[node name="@Node3D@82705" type="Node3D" parent="Path3D/Trees"]
transform = Transform3D(-0.831114, 0, 0.556102, 0, 1, 0, -0.556102, 0, -0.831114, 117.078, 0, -208.109)

[node name="tree" parent="Path3D/Trees/@Node3D@82705" instance=ExtResource("2_ed2u7")]

[node name="@Node3D@82706" type="Node3D" parent="Path3D/Trees"]
transform = Transform3D(0.749227, 0, 0.662313, 0, 1, 0, -0.662313, 0, 0.749227, 118.66, 0, -211.356)

[node name="tree" parent="Path3D/Trees/@Node3D@82706" instance=ExtResource("2_ed2u7")]

[node name="@Node3D@82707" type="Node3D" parent="Path3D/Trees"]
transform = Transform3D(0.629178, 0, 0.777261, 0, 1, 0, -0.777261, 0, 0.629178, 132.045, 0, -131.7)

[node name="tree" parent="Path3D/Trees/@Node3D@82707" instance=ExtResource("2_ed2u7")]

[node name="@Node3D@82708" type="Node3D" parent="Path3D/Trees"]
transform = Transform3D(-0.892304, 0, -0.451436, 0, 1, 0, 0.451436, 0, -0.892304, 122.637, 0, -213.159)

[node name="tree" parent="Path3D/Trees/@Node3D@82708" instance=ExtResource("2_ed2u7")]

[node name="@Node3D@82709" type="Node3D" parent="Path3D/Trees"]
transform = Transform3D(-0.574236, 0, -0.81869, 0, 1, 0, 0.81869, 0, -0.574236, 125.197, 0, -208.347)

[node name="tree" parent="Path3D/Trees/@Node3D@82709" instance=ExtResource("2_ed2u7")]

[node name="@Node3D@82710" type="Node3D" parent="Path3D/Trees"]
transform = Transform3D(-0.990904, 0, -0.13457, 0, 1, 0, 0.13457, 0, -0.990904, 135.557, 0, -135.954)

