[gd_scene load_steps=26 format=3 uid="uid://bl7ljr3rqf3w6"]

[ext_resource type="Texture2D" uid="uid://cd2vrrflcyrsu" path="res://Game9/Game/Scenery/Ground/ground.png" id="1_735x0"]
[ext_resource type="Script" path="res://Game9/Game/Tracks/track.gd" id="1_voj7q"]
[ext_resource type="Script" path="res://Game9/Game/Tracks/track_tools.gd" id="3_slhae"]
[ext_resource type="Texture2D" uid="uid://k1j5g11njrrl" path="res://Game9/Game/Scenery/Track/road.jpg" id="4_b01nq"]
[ext_resource type="PackedScene" uid="uid://s6e63r0aowht" path="res://Game9/Game/Scenery/Tree/tree.tscn" id="4_eenh3"]
[ext_resource type="Script" path="res://Game9/Game/Scenery/Tree/tree.gd" id="5_qfvbw"]
[ext_resource type="Texture2D" uid="uid://dxl4k7vk2upgg" path="res://Game9/Game/Scenery/Track/edging.png" id="5_v1lu8"]
[ext_resource type="Texture2D" uid="uid://dq3t8p3t3ylrs" path="res://Game9/Game/Scenery/Wall/concrete_wall.jpg" id="6_bffxe"]
[ext_resource type="Texture2D" uid="uid://cpcj30iwproh8" path="res://Game9/Game/Scenery/Track/start_finish_line.png" id="7_44kd0"]

[sub_resource type="StandardMaterial3D" id="StandardMaterial3D_pk7xn"]
albedo_color = Color(0.422371, 0.422371, 0.422371, 1)
albedo_texture = ExtResource("1_735x0")
uv1_scale = Vector3(100, 100, 100)
texture_filter = 4

[sub_resource type="PlaneMesh" id="PlaneMesh_tdrs8"]
material = SubResource("StandardMaterial3D_pk7xn")
size = Vector2(2000, 2000)

[sub_resource type="BoxShape3D" id="BoxShape3D_3or2k"]
size = Vector3(2000, 1, 2000)

[sub_resource type="Curve3D" id="Curve3D_vu3vl"]
_data = {
"points": PackedVector3Array(-10.7037, 0, 23.8614, 10.7037, 0, -23.8614, 197.631, 0, 577.007, -1.93338, 0, 16.2574, 1.93338, 0, -16.2574, 204.421, 0, 7.45, -27.5999, 0, 6.93465, 27.5999, 0, -6.93465, 240.602, 0, -38.083, -14.7469, 0, -9.955, 14.7469, 0, 9.955, 290.454, 0, -27.513, -33.5134, 0, -5.45496, 33.5134, 0, 5.45496, 409.307, 0, 62.397, -8.34607, 0, 10.0833, 8.34607, 0, -10.0833, 473.567, 0, 45.634, 4.03839, 0, 7.31274, -4.03839, 0, -7.31274, 480.058, 0, 6.19, 17.7178, 0, 19.7147, -17.7178, 0, -19.7147, 436.315, 0, -34.458, -2.02863, 0, 28.1652, 2.02863, 0, -28.1652, 417.689, 0, -133.176, -10.5749, 0, 14.0402, 10.5749, 0, -14.0402, 447.491, 0, -212.337, -16.0986, 0, 20.4152, 16.0986, 0, -20.4152, 518.27, 0, -274.734, -3.00397, 0, 26.2967, 3.00397, 0, -26.2967, 560.178, 0, -374.384, 7.0766, 0, 13.3403, -7.0766, 0, -13.3403, 550.865, 0, -454.476, 17.7599, 0, 10.3627, -17.7599, 0, -10.3627, 432.59, 0, -561.575, 17.3161, 0, -1.04193, -17.3161, 0, 1.04193, 372.055, 0, -572.751, 30.7534, 0, 3.59808, -30.7534, 0, -3.59808, 225.841, 0, -551.331, 15.6943, 0, 0.790161, -15.6943, 0, -0.790161, 162.512, 0, -589.514, 37.5108, 0, 0.21405, -37.5108, 0, -0.21405, 103.84, 0, -558.781, 16.6627, 0, 4.23993, -16.6627, 0, -4.23993, 38.649, 0, -607.209, 21.7133, 0, -1.77356, -21.7133, 0, 1.77356, -21.886, 0, -595.102, 14.81, 0, 15.0249, -14.81, 0, -15.0249, -93.197, 0, -622.351, 11.6928, 0, 12.3812, -11.6928, 0, -12.3812, -133.315, 0, -674.979, 12.6086, 0, -17.0289, -12.6086, 0, 17.0289, -179.472, 0, -670.665, 3.33257, 0, -14.1382, -3.33257, 0, 14.1382, -247.25, 0, -554.964, 1.47546, 0, -24.7336, -1.47546, 0, 24.7336, -268.988, 0, -245.36, 8.40018, 0, -27.4559, -8.40018, 0, 27.4559, -289.764, 0, 70.008, 8.97351, 0, -24.2714, -8.97351, 0, 24.2714, -375.781, 0, 230.963, -11.9609, 0, -15.0919, 11.9609, 0, 15.0919, -372.987, 0, 287.772, -9.25806, 0, -34.3941, 9.25806, 0, 34.3941, -314.315, 0, 338.994, -4.08618, 0, -27.082, 4.086, 0, 27.082, -317.108, 0, 558.781, -23.7251, 0, -7.1405, 23.7251, 0, 7.1405, -283.582, 0, 599.759, -21.4706, 0, -0.36261, 21.4706, 0, 0.36261, -89.871, 0, 606.278, -18.1118, 0, 5.05652, 18.1118, 0, -5.05652, 164.104, 0, 610.534, -5.28986, 0, 14.3672, 5.28986, 0, -14.3672, 197.631, 0, 577.007),
"tilts": PackedFloat32Array(0, 0, 0, 0, 0, 0, 0, 0, 0, 0, 0, 0, 0, 0, 0, 0, 0, 0, 0, 0, 0, 0, 0, 0, 0, 0, 0, 0, 0, 0, 0, 0, 0, 0)
}
point_count = 34

[sub_resource type="StandardMaterial3D" id="StandardMaterial3D_shbe6"]
albedo_texture = ExtResource("4_b01nq")
uv1_scale = Vector3(0.05, 15, 1)
texture_filter = 5

[sub_resource type="StandardMaterial3D" id="StandardMaterial3D_tybdn"]
albedo_texture = ExtResource("5_v1lu8")
uv1_scale = Vector3(0.1, 0.1, 0.1)

[sub_resource type="StandardMaterial3D" id="StandardMaterial3D_5tsx6"]
albedo_texture = ExtResource("5_v1lu8")
uv1_scale = Vector3(0.1, 0.1, 0.1)

[sub_resource type="StandardMaterial3D" id="StandardMaterial3D_h13v6"]
albedo_color = Color(0.422371, 0.422371, 0.422371, 1)
albedo_texture = ExtResource("1_735x0")
uv1_scale = Vector3(0.1, 20, 1)
texture_filter = 4

[sub_resource type="StandardMaterial3D" id="StandardMaterial3D_bheei"]
albedo_color = Color(0.422371, 0.422371, 0.422371, 1)
albedo_texture = ExtResource("1_735x0")
uv1_scale = Vector3(0.1, 20, 1)
texture_filter = 4

[sub_resource type="StandardMaterial3D" id="StandardMaterial3D_3t4qn"]
albedo_texture = ExtResource("6_bffxe")
uv1_scale = Vector3(0.5, 0.5, 0.5)
uv1_triplanar = true
texture_filter = 4

[sub_resource type="StandardMaterial3D" id="StandardMaterial3D_5psc8"]
albedo_texture = ExtResource("6_bffxe")
uv1_scale = Vector3(0.5, 0.5, 0.5)
uv1_triplanar = true
texture_filter = 4

[sub_resource type="StandardMaterial3D" id="StandardMaterial3D_iuc7d"]
transparency = 1
albedo_texture = ExtResource("7_44kd0")
texture_filter = 4

[sub_resource type="PlaneMesh" id="PlaneMesh_3cqh8"]
material = SubResource("StandardMaterial3D_iuc7d")
size = Vector2(3, 19)

[sub_resource type="BoxShape3D" id="BoxShape3D_gj0ha"]
size = Vector3(3, 10, 100)

[sub_resource type="BoxShape3D" id="BoxShape3D_yqecc"]
size = Vector3(3, 10, 100)

[sub_resource type="Curve3D" id="Curve3D_5kjv4"]
_data = {
"points": PackedVector3Array(-20, 0, 0, 20, 0, 0, -92.9565, 0, 622.863, -20, 0, 7, 20, 0, -7, 176.311, 0, 618.362, -3, 0, 12, 3, 0, -12, 207.372, 0, 585.565, 0, 0, 13, 0, 0, -13, 217.391, 0, 389.993, -1, 0, 14, 1, 0, -14, 221.82, 0, 7.51968, -19, 0, 7, 19, 0, -7, 243.471, 0, -24.3442, -16, 0, -12, 16, 0, 12, 309.93, 0, 6.06734, -36, 0, -11, 36, 0, 11, 405.083, 0, 74.7941, -13, 0, 16, 13, 0, -16, 488.325, 0, 58.2401, 9, 0, 17, -9, 0, -17, 492.41, 0, 0.435689, 4, 0, 18, -4, 0, -18, 437.81, 0, -67.4387, -9, 0, 19, 9, 0, -19, 442.477, 0, -171.828, -11, 0, 19, 11, 0, -19, 545.233, 0, -289.107, -2, 0, 21, 2, 0, -21, 577.594, 0, -379.11, 14, 0, 23, -14, 0, -23, 559.298, 0, -472.09, 24, 0, 11, -24, 0, -11, 430.917, 0, -579.317, 11, 0, -1, -11, 0, 1, 338.184, 0, -580.543, 21, 0, 4, -21, 0, -4, 228.679, 0, -571.622, 20, 0, 6, -20, 0, -6, 179.897, 0, -598.369, 11, 0, -5, -11, 0, 5, 133.794, 0, -590.638, 21, 0, 1, -21, 0, -1, 94.9854, 0, -578.792, 16, 0, 8, -16, 0, -8, 44.9427, 0, -617.805, 20, 0, 1, -20, 0, -1, -30.7418, 0, -614.119, 15, 0, 14, -15, 0, -14, -88.9902, 0, -642.309, 12, 0, 4, -12, 0, -4, -140.379, 0, -695.363, 9, 0, -6, -9, 0, 6, -183.273, 0, -689.643, 8, 0, -25, -8, 0, 25, -261.725, 0, -560.027, 1, 0, -23, -1, 0, 23, -281.303, 0, -302.584, 1, 0, -21, -1, 0, 21, -299.165, 0, -31.4398, 5, 0, -19, -5, 0, 19, -309.789, 0, 65.7393, 2, 0, -18, -2, 0, 18, -393.553, 0, 247.183, -10, 0, -12, 10, 0, 12, -383.953, 0, 297.838, -5, 0, -15, 5, 0, 15, -332.072, 0, 343.456, 0.086, 0, -4.061, -0.086, 0, 4.061, -332.347, 0, 476.352, -12, 0, -17, 12, 0, 17, -322.803, 0, 591.252, -16, 0, -2, 16, 0, 2, -280.726, 0, 612.29, -18, 0, 0, 18, 0, 0, -92.9565, 0, 622.863),
"tilts": PackedFloat32Array(0, 0, 0, 0, 0, 0, 0, 0, 0, 0, 0, 0, 0, 0, 0, 0, 0, 0, 0, 0, 0, 0, 0, 0, 0, 0, 0, 0, 0, 0, 0, 0, 0, 0, 0, 0, 0)
}
point_count = 37

[node name="Track5" type="Node3D"]
script = ExtResource("1_voj7q")

[node name="Floor" type="StaticBody3D" parent="." groups=["Floor"]]
transform = Transform3D(1, 0, 0, 0, 1, 0, 0, 0, 1, 0, -0.1, 0)

[node name="MeshInstance3D" type="MeshInstance3D" parent="Floor"]
mesh = SubResource("PlaneMesh_tdrs8")

[node name="CollisionShape3D" type="CollisionShape3D" parent="Floor"]
transform = Transform3D(1, 0, 0, 0, 1, 0, 0, 0, 1, 0, -0.5, 0)
shape = SubResource("BoxShape3D_3or2k")

[node name="Path3D" type="Path3D" parent="."]
curve = SubResource("Curve3D_vu3vl")
script = ExtResource("3_slhae")
tree_count = 2000
base_count = 0

[node name="Trees" type="Node3D" parent="Path3D"]

[node name="@Node3D@27334" type="Node3D" parent="Path3D/Trees"]
transform = Transform3D(0.482885, 0, 0.875684, 0, 1, 0, -0.875684, 0, 0.482885, 249.694, 0, 594.772)

[node name="tree" type="Node3D" parent="Path3D/Trees/@Node3D@27334" instance=ExtResource("4_eenh3")]
script = ExtResource("5_qfvbw")

[node name="@Node3D@27335" type="Node3D" parent="Path3D/Trees"]
transform = Transform3D(-0.919013, 0, 0.394226, 0, 1, 0, -0.394226, 0, -0.919013, 181.258, 0, 571.783)

[node name="tree" type="Node3D" parent="Path3D/Trees/@Node3D@27335" instance=ExtResource("4_eenh3")]
script = ExtResource("5_qfvbw")

[node name="@Node3D@27336" type="Node3D" parent="Path3D/Trees"]
transform = Transform3D(-0.985697, 0, 0.168528, 0, 1, 0, -0.168528, 0, -0.985697, 255.2, 0, 584.797)

[node name="tree" type="Node3D" parent="Path3D/Trees/@Node3D@27336" instance=ExtResource("4_eenh3")]
script = ExtResource("5_qfvbw")

[node name="@Node3D@27337" type="Node3D" parent="Path3D/Trees"]
transform = Transform3D(0.909788, 0, 0.415074, 0, 1, 0, -0.415074, 0, 0.909788, 179.916, 0, 569.864)

[node name="tree" type="Node3D" parent="Path3D/Trees/@Node3D@27337" instance=ExtResource("4_eenh3")]
script = ExtResource("5_qfvbw")

[node name="@Node3D@27338" type="Node3D" parent="Path3D/Trees"]
transform = Transform3D(0.999723, 0, -0.023523, 0, 1, 0, 0.023523, 0, 0.999723, 254.366, 0, 577.502)

[node name="tree" type="Node3D" parent="Path3D/Trees/@Node3D@27338" instance=ExtResource("4_eenh3")]
script = ExtResource("5_qfvbw")

[node name="@Node3D@27339" type="Node3D" parent="Path3D/Trees"]
transform = Transform3D(0.242175, 0, -0.970232, 0, 1, 0, 0.970232, 0, 0.242175, 175.963, 0, 565.803)

[node name="tree" type="Node3D" parent="Path3D/Trees/@Node3D@27339" instance=ExtResource("4_eenh3")]
script = ExtResource("5_qfvbw")

[node name="@Node3D@27340" type="Node3D" parent="Path3D/Trees"]
transform = Transform3D(-0.229768, 0, -0.973245, 0, 1, 0, 0.973245, 0, -0.229768, 256.022, 0, 570.776)

[node name="tree" type="Node3D" parent="Path3D/Trees/@Node3D@27340" instance=ExtResource("4_eenh3")]
script = ExtResource("5_qfvbw")

[node name="@Node3D@27341" type="Node3D" parent="Path3D/Trees"]
transform = Transform3D(0.843382, 0, 0.537314, 0, 1, 0, -0.537314, 0, 0.843382, 176.203, 0, 560.748)

[node name="tree" type="Node3D" parent="Path3D/Trees/@Node3D@27341" instance=ExtResource("4_eenh3")]
script = ExtResource("5_qfvbw")

[node name="@Node3D@27342" type="Node3D" parent="Path3D/Trees"]
transform = Transform3D(0.469276, 0, -0.883052, 0, 1, 0, 0.883052, 0, 0.469276, 253.961, 0, 563.198)

[node name="tree" type="Node3D" parent="Path3D/Trees/@Node3D@27342" instance=ExtResource("4_eenh3")]
script = ExtResource("5_qfvbw")

[node name="@Node3D@27343" type="Node3D" parent="Path3D/Trees"]
transform = Transform3D(0.839513, 0, -0.54334, 0, 1, 0, 0.54334, 0, 0.839513, 250.622, 0, 559.007)

[node name="tree" type="Node3D" parent="Path3D/Trees/@Node3D@27343" instance=ExtResource("4_eenh3")]
script = ExtResource("5_qfvbw")

[node name="@Node3D@27344" type="Node3D" parent="Path3D/Trees"]
transform = Transform3D(-0.513343, 0, 0.858184, 0, 1, 0, -0.858184, 0, -0.513343, 183.057, 0, 551.014)

[node name="tree" type="Node3D" parent="Path3D/Trees/@Node3D@27344" instance=ExtResource("4_eenh3")]
script = ExtResource("5_qfvbw")

[node name="@Node3D@27345" type="Node3D" parent="Path3D/Trees"]
transform = Transform3D(0.866247, 0, -0.499617, 0, 1, 0, 0.499617, 0, 0.866247, 259.103, 0, 550.878)

[node name="tree" type="Node3D" parent="Path3D/Trees/@Node3D@27345" instance=ExtResource("4_eenh3")]
script = ExtResource("5_qfvbw")

[node name="@Node3D@27346" type="Node3D" parent="Path3D/Trees"]
transform = Transform3D(0.0864023, 0, -0.99626, 0, 1, 0, 0.99626, 0, 0.0864023, 259.26, 0, 546.229)

[node name="tree" type="Node3D" parent="Path3D/Trees/@Node3D@27346" instance=ExtResource("4_eenh3")]
script = ExtResource("5_qfvbw")

[node name="@Node3D@27347" type="Node3D" parent="Path3D/Trees"]
transform = Transform3D(-0.999616, 0, 0.0276994, 0, 1, 0, -0.0276994, 0, -0.999616, 260.153, 0, 541.39)

[node name="tree" type="Node3D" parent="Path3D/Trees/@Node3D@27347" instance=ExtResource("4_eenh3")]
script = ExtResource("5_qfvbw")

[node name="@Node3D@27348" type="Node3D" parent="Path3D/Trees"]
transform = Transform3D(-0.891164, 0, 0.453682, 0, 1, 0, -0.453682, 0, -0.891164, 257.058, 0, 536.183)

[node name="tree" type="Node3D" parent="Path3D/Trees/@Node3D@27348" instance=ExtResource("4_eenh3")]
script = ExtResource("5_qfvbw")

[node name="@Node3D@27349" type="Node3D" parent="Path3D/Trees"]
transform = Transform3D(0.962531, 0, 0.271173, 0, 1, 0, -0.271173, 0, 0.962531, 258.802, 0, 531.423)

[node name="tree" type="Node3D" parent="Path3D/Trees/@Node3D@27349" instance=ExtResource("4_eenh3")]
script = ExtResource("5_qfvbw")

[node name="@Node3D@27350" type="Node3D" parent="Path3D/Trees"]
transform = Transform3D(-0.98082, 0, -0.194914, 0, 1, 0, 0.194914, 0, -0.98082, 180.065, 0, 523.383)

[node name="tree" type="Node3D" parent="Path3D/Trees/@Node3D@27350" instance=ExtResource("4_eenh3")]
script = ExtResource("5_qfvbw")

[node name="@Node3D@27351" type="Node3D" parent="Path3D/Trees"]
transform = Transform3D(-0.997658, 0, -0.0684006, 0, 1, 0, 0.0684006, 0, -0.997658, 180.162, 0, 517.885)

[node name="tree" type="Node3D" parent="Path3D/Trees/@Node3D@27351" instance=ExtResource("4_eenh3")]
script = ExtResource("5_qfvbw")

[node name="@Node3D@27352" type="Node3D" parent="Path3D/Trees"]
transform = Transform3D(-0.996231, 0, 0.0867349, 0, 1, 0, -0.0867349, 0, -0.996231, 177.49, 0, 512.087)

[node name="tree" type="Node3D" parent="Path3D/Trees/@Node3D@27352" instance=ExtResource("4_eenh3")]
script = ExtResource("5_qfvbw")

[node name="@Node3D@27353" type="Node3D" parent="Path3D/Trees"]
transform = Transform3D(-0.768668, 0, -0.639649, 0, 1, 0, 0.639649, 0, -0.768668, 176.755, 0, 506.133)

[node name="tree" type="Node3D" parent="Path3D/Trees/@Node3D@27353" instance=ExtResource("4_eenh3")]
script = ExtResource("5_qfvbw")

[node name="@Node3D@27354" type="Node3D" parent="Path3D/Trees"]
transform = Transform3D(0.999843, 0, 0.017696, 0, 1, 0, -0.017696, 0, 0.999843, 259.71, 0, 501.894)

[node name="tree" type="Node3D" parent="Path3D/Trees/@Node3D@27354" instance=ExtResource("4_eenh3")]
script = ExtResource("5_qfvbw")

[node name="@Node3D@27355" type="Node3D" parent="Path3D/Trees"]
transform = Transform3D(0.978768, 0, -0.204969, 0, 1, 0, 0.204969, 0, 0.978768, 253.55, 0, 495.269)

[node name="tree" type="Node3D" parent="Path3D/Trees/@Node3D@27355" instance=ExtResource("4_eenh3")]
script = ExtResource("5_qfvbw")

[node name="@Node3D@27356" type="Node3D" parent="Path3D/Trees"]
transform = Transform3D(-0.894055, 0, -0.447957, 0, 1, 0, 0.447957, 0, -0.894055, 180.46, 0, 487.181)

[node name="tree" type="Node3D" parent="Path3D/Trees/@Node3D@27356" instance=ExtResource("4_eenh3")]
script = ExtResource("5_qfvbw")

[node name="@Node3D@27357" type="Node3D" parent="Path3D/Trees"]
transform = Transform3D(0.926184, 0, 0.377073, 0, 1, 0, -0.377073, 0, 0.926184, 179.799, 0, 480.442)

[node name="tree" type="Node3D" parent="Path3D/Trees/@Node3D@27357" instance=ExtResource("4_eenh3")]
script = ExtResource("5_qfvbw")

[node name="@Node3D@27358" type="Node3D" parent="Path3D/Trees"]
transform = Transform3D(0.00782123, 0, 0.999969, 0, 1, 0, -0.999969, 0, 0.00782123, 177.375, 0, 473.499)

[node name="tree" type="Node3D" parent="Path3D/Trees/@Node3D@27358" instance=ExtResource("4_eenh3")]
script = ExtResource("5_qfvbw")

[node name="@Node3D@27359" type="Node3D" parent="Path3D/Trees"]
transform = Transform3D(-0.711543, 0, -0.702642, 0, 1, 0, 0.702642, 0, -0.711543, 255.883, 0, 467.624)

[node name="tree" type="Node3D" parent="Path3D/Trees/@Node3D@27359" instance=ExtResource("4_eenh3")]
script = ExtResource("5_qfvbw")

[node name="@Node3D@27360" type="Node3D" parent="Path3D/Trees"]
transform = Transform3D(0.939091, 0, -0.343669, 0, 1, 0, 0.343669, 0, 0.939091, 184.811, 0, 459.305)

[node name="tree" type="Node3D" parent="Path3D/Trees/@Node3D@27360" instance=ExtResource("4_eenh3")]
script = ExtResource("5_qfvbw")

[node name="@Node3D@27361" type="Node3D" parent="Path3D/Trees"]
transform = Transform3D(0.996389, 0, -0.0849112, 0, 1, 0, 0.0849112, 0, 0.996389, 177.651, 0, 451.821)

[node name="tree" type="Node3D" parent="Path3D/Trees/@Node3D@27361" instance=ExtResource("4_eenh3")]
script = ExtResource("5_qfvbw")

[node name="@Node3D@27362" type="Node3D" parent="Path3D/Trees"]
transform = Transform3D(0.833412, 0, 0.552651, 0, 1, 0, -0.552651, 0, 0.833412, 263.399, 0, 445.305)

[node name="tree" type="Node3D" parent="Path3D/Trees/@Node3D@27362" instance=ExtResource("4_eenh3")]
script = ExtResource("5_qfvbw")

[node name="@Node3D@27363" type="Node3D" parent="Path3D/Trees"]
transform = Transform3D(0.944742, 0, -0.327816, 0, 1, 0, 0.327816, 0, 0.944742, 260.175, 0, 438.226)

[node name="tree" type="Node3D" parent="Path3D/Trees/@Node3D@27363" instance=ExtResource("4_eenh3")]
script = ExtResource("5_qfvbw")

[node name="@Node3D@27364" type="Node3D" parent="Path3D/Trees"]
transform = Transform3D(0.952718, 0, 0.303857, 0, 1, 0, -0.303857, 0, 0.952718, 262.727, 0, 430.388)

[node name="tree" type="Node3D" parent="Path3D/Trees/@Node3D@27364" instance=ExtResource("4_eenh3")]
script = ExtResource("5_qfvbw")

[node name="@Node3D@27365" type="Node3D" parent="Path3D/Trees"]
transform = Transform3D(-0.716808, 0, 0.697271, 0, 1, 0, -0.697271, 0, -0.716808, 185.863, 0, 421.705)

[node name="tree" type="Node3D" parent="Path3D/Trees/@Node3D@27365" instance=ExtResource("4_eenh3")]
script = ExtResource("5_qfvbw")

[node name="@Node3D@27366" type="Node3D" parent="Path3D/Trees"]
transform = Transform3D(-0.932228, 0, -0.361872, 0, 1, 0, 0.361872, 0, -0.932228, 261.077, 0, 414.297)

[node name="tree" type="Node3D" parent="Path3D/Trees/@Node3D@27366" instance=ExtResource("4_eenh3")]
script = ExtResource("5_qfvbw")

[node name="@Node3D@27367" type="Node3D" parent="Path3D/Trees"]
transform = Transform3D(0.594322, 0, 0.804227, 0, 1, 0, -0.804227, 0, 0.594322, 183.07, 0, 405.512)

[node name="tree" type="Node3D" parent="Path3D/Trees/@Node3D@27367" instance=ExtResource("4_eenh3")]
script = ExtResource("5_qfvbw")

[node name="@Node3D@27368" type="Node3D" parent="Path3D/Trees"]
transform = Transform3D(-0.394892, 0, -0.918728, 0, 1, 0, 0.918728, 0, -0.394892, 259.849, 0, 397.798)

[node name="tree" type="Node3D" parent="Path3D/Trees/@Node3D@27368" instance=ExtResource("4_eenh3")]
script = ExtResource("5_qfvbw")

[node name="@Node3D@27369" type="Node3D" parent="Path3D/Trees"]
transform = Transform3D(-0.0633065, 0, -0.997994, 0, 1, 0, 0.997994, 0, -0.0633065, 256.239, 0, 389.393)

[node name="tree" type="Node3D" parent="Path3D/Trees/@Node3D@27369" instance=ExtResource("4_eenh3")]
script = ExtResource("5_qfvbw")

[node name="@Node3D@27370" type="Node3D" parent="Path3D/Trees"]
transform = Transform3D(-0.999231, 0, -0.0392137, 0, 1, 0, 0.0392137, 0, -0.999231, 260.122, 0, 380.953)

[node name="tree" type="Node3D" parent="Path3D/Trees/@Node3D@27370" instance=ExtResource("4_eenh3")]
script = ExtResource("5_qfvbw")

[node name="@Node3D@27371" type="Node3D" parent="Path3D/Trees"]
transform = Transform3D(-0.874585, 0, 0.484872, 0, 1, 0, -0.484872, 0, -0.874585, 182.969, 0, 372.036)

[node name="tree" type="Node3D" parent="Path3D/Trees/@Node3D@27371" instance=ExtResource("4_eenh3")]
script = ExtResource("5_qfvbw")

[node name="@Node3D@27372" type="Node3D" parent="Path3D/Trees"]
transform = Transform3D(0.653835, 0, 0.756637, 0, 1, 0, -0.756637, 0, 0.653835, 186.615, 0, 363.49)

[node name="tree" type="Node3D" parent="Path3D/Trees/@Node3D@27372" instance=ExtResource("4_eenh3")]
script = ExtResource("5_qfvbw")

[node name="@Node3D@27373" type="Node3D" parent="Path3D/Trees"]
transform = Transform3D(0.484977, 0, 0.874527, 0, 1, 0, -0.874527, 0, 0.484977, 256.006, 0, 355.129)

[node name="tree" type="Node3D" parent="Path3D/Trees/@Node3D@27373" instance=ExtResource("4_eenh3")]
script = ExtResource("5_qfvbw")

[node name="@Node3D@27374" type="Node3D" parent="Path3D/Trees"]
transform = Transform3D(-0.708898, 0, -0.705311, 0, 1, 0, 0.705311, 0, -0.708898, 255.881, 0, 346.413)

[node name="tree" type="Node3D" parent="Path3D/Trees/@Node3D@27374" instance=ExtResource("4_eenh3")]
script = ExtResource("5_qfvbw")

[node name="@Node3D@27375" type="Node3D" parent="Path3D/Trees"]
transform = Transform3D(0.253765, 0, 0.967266, 0, 1, 0, -0.967266, 0, 0.253765, 261.901, 0, 337.67)

[node name="tree" type="Node3D" parent="Path3D/Trees/@Node3D@27375" instance=ExtResource("4_eenh3")]
script = ExtResource("5_qfvbw")

[node name="@Node3D@27376" type="Node3D" parent="Path3D/Trees"]
transform = Transform3D(-0.768482, 0, 0.639871, 0, 1, 0, -0.639871, 0, -0.768482, 180.059, 0, 328.675)

[node name="tree" type="Node3D" parent="Path3D/Trees/@Node3D@27376" instance=ExtResource("4_eenh3")]
script = ExtResource("5_qfvbw")

[node name="@Node3D@27377" type="Node3D" parent="Path3D/Trees"]
transform = Transform3D(-0.743832, 0, 0.668367, 0, 1, 0, -0.668367, 0, -0.743832, 178.668, 0, 320.678)

[node name="tree" type="Node3D" parent="Path3D/Trees/@Node3D@27377" instance=ExtResource("4_eenh3")]
script = ExtResource("5_qfvbw")

[node name="@Node3D@27378" type="Node3D" parent="Path3D/Trees"]
transform = Transform3D(0.827449, 0, -0.561541, 0, 1, 0, 0.561541, 0, 0.827449, 255.94, 0, 311.986)

[node name="tree" type="Node3D" parent="Path3D/Trees/@Node3D@27378" instance=ExtResource("4_eenh3")]
script = ExtResource("5_qfvbw")

[node name="@Node3D@27379" type="Node3D" parent="Path3D/Trees"]
transform = Transform3D(0.434357, 0, -0.900741, 0, 1, 0, 0.900741, 0, 0.434357, 254.906, 0, 303.121)

[node name="tree" type="Node3D" parent="Path3D/Trees/@Node3D@27379" instance=ExtResource("4_eenh3")]
script = ExtResource("5_qfvbw")

[node name="@Node3D@27380" type="Node3D" parent="Path3D/Trees"]
transform = Transform3D(-0.648443, 0, -0.761263, 0, 1, 0, 0.761263, 0, -0.648443, 255.923, 0, 294.252)

[node name="tree" type="Node3D" parent="Path3D/Trees/@Node3D@27380" instance=ExtResource("4_eenh3")]
script = ExtResource("5_qfvbw")

[node name="@Node3D@27381" type="Node3D" parent="Path3D/Trees"]
transform = Transform3D(-0.510238, 0, 0.860033, 0, 1, 0, -0.860033, 0, -0.510238, 181.966, 0, 285.341)

[node name="tree" type="Node3D" parent="Path3D/Trees/@Node3D@27381" instance=ExtResource("4_eenh3")]
script = ExtResource("5_qfvbw")

[node name="@Node3D@27382" type="Node3D" parent="Path3D/Trees"]
transform = Transform3D(-0.989297, 0, -0.145915, 0, 1, 0, 0.145915, 0, -0.989297, 179.928, 0, 276.499)

[node name="tree" type="Node3D" parent="Path3D/Trees/@Node3D@27382" instance=ExtResource("4_eenh3")]
script = ExtResource("5_qfvbw")

[node name="@Node3D@27383" type="Node3D" parent="Path3D/Trees"]
transform = Transform3D(-0.993791, 0, 0.111267, 0, 1, 0, -0.111267, 0, -0.993791, 178.68, 0, 267.672)

[node name="tree" type="Node3D" parent="Path3D/Trees/@Node3D@27383" instance=ExtResource("4_eenh3")]
script = ExtResource("5_qfvbw")

[node name="@Node3D@27384" type="Node3D" parent="Path3D/Trees"]
transform = Transform3D(-0.919017, 0, -0.394218, 0, 1, 0, 0.394218, 0, -0.919017, 256.375, 0, 258.84)

[node name="tree" type="Node3D" parent="Path3D/Trees/@Node3D@27384" instance=ExtResource("4_eenh3")]
script = ExtResource("5_qfvbw")

[node name="@Node3D@27385" type="Node3D" parent="Path3D/Trees"]
transform = Transform3D(-0.977957, 0, 0.208807, 0, 1, 0, -0.208807, 0, -0.977957, 186.156, 0, 250.084)

[node name="tree" type="Node3D" parent="Path3D/Trees/@Node3D@27385" instance=ExtResource("4_eenh3")]
script = ExtResource("5_qfvbw")

[node name="@Node3D@27386" type="Node3D" parent="Path3D/Trees"]
transform = Transform3D(-0.834101, 0, -0.551612, 0, 1, 0, 0.551612, 0, -0.834101, 263.308, 0, 241.276)

[node name="tree" type="Node3D" parent="Path3D/Trees/@Node3D@27386" instance=ExtResource("4_eenh3")]
script = ExtResource("5_qfvbw")

[node name="@Node3D@27387" type="Node3D" parent="Path3D/Trees"]
transform = Transform3D(-0.745833, 0, 0.666133, 0, 1, 0, -0.666133, 0, -0.745833, 182.309, 0, 232.645)

[node name="tree" type="Node3D" parent="Path3D/Trees/@Node3D@27387" instance=ExtResource("4_eenh3")]
script = ExtResource("5_qfvbw")

[node name="@Node3D@27388" type="Node3D" parent="Path3D/Trees"]
transform = Transform3D(-0.974414, 0, -0.22476, 0, 1, 0, 0.22476, 0, -0.974414, 179.786, 0, 224)

[node name="tree" type="Node3D" parent="Path3D/Trees/@Node3D@27388" instance=ExtResource("4_eenh3")]
script = ExtResource("5_qfvbw")

[node name="@Node3D@27389" type="Node3D" parent="Path3D/Trees"]
transform = Transform3D(-0.713495, 0, -0.70066, 0, 1, 0, 0.70066, 0, -0.713495, 258.165, 0, 215.298)

[node name="tree" type="Node3D" parent="Path3D/Trees/@Node3D@27389" instance=ExtResource("4_eenh3")]
script = ExtResource("5_qfvbw")

[node name="@Node3D@27390" type="Node3D" parent="Path3D/Trees"]
transform = Transform3D(-0.753798, 0, 0.657106, 0, 1, 0, -0.657106, 0, -0.753798, 261.938, 0, 206.757)

[node name="tree" type="Node3D" parent="Path3D/Trees/@Node3D@27390" instance=ExtResource("4_eenh3")]
script = ExtResource("5_qfvbw")

[node name="@Node3D@27391" type="Node3D" parent="Path3D/Trees"]
transform = Transform3D(-0.390995, 0, -0.920393, 0, 1, 0, 0.920393, 0, -0.390995, 263.956, 0, 199.057)

[node name="tree" type="Node3D" parent="Path3D/Trees/@Node3D@27391" instance=ExtResource("4_eenh3")]
script = ExtResource("5_qfvbw")

[node name="@Node3D@27392" type="Node3D" parent="Path3D/Trees"]
transform = Transform3D(-0.576647, 0, 0.816993, 0, 1, 0, -0.816993, 0, -0.576647, 179.986, 0, 190.83)

[node name="tree" type="Node3D" parent="Path3D/Trees/@Node3D@27392" instance=ExtResource("4_eenh3")]
script = ExtResource("5_qfvbw")

[node name="@Node3D@27393" type="Node3D" parent="Path3D/Trees"]
transform = Transform3D(0.503333, 0, 0.864093, 0, 1, 0, -0.864093, 0, 0.503333, 184.184, 0, 182.535)

[node name="tree" type="Node3D" parent="Path3D/Trees/@Node3D@27393" instance=ExtResource("4_eenh3")]
script = ExtResource("5_qfvbw")

[node name="@Node3D@27394" type="Node3D" parent="Path3D/Trees"]
transform = Transform3D(0.869275, 0, -0.494328, 0, 1, 0, 0.494328, 0, 0.869275, 262.527, 0, 174.178)

[node name="tree" type="Node3D" parent="Path3D/Trees/@Node3D@27394" instance=ExtResource("4_eenh3")]
script = ExtResource("5_qfvbw")

[node name="@Node3D@27395" type="Node3D" parent="Path3D/Trees"]
transform = Transform3D(-0.991531, 0, 0.129869, 0, 1, 0, -0.129869, 0, -0.991531, 263.857, 0, 166.081)

[node name="tree" type="Node3D" parent="Path3D/Trees/@Node3D@27395" instance=ExtResource("4_eenh3")]
script = ExtResource("5_qfvbw")

[node name="@Node3D@27396" type="Node3D" parent="Path3D/Trees"]
transform = Transform3D(0.0984873, 0, -0.995138, 0, 1, 0, 0.995138, 0, 0.0984873, 259.53, 0, 158.109)

[node name="tree" type="Node3D" parent="Path3D/Trees/@Node3D@27396" instance=ExtResource("4_eenh3")]
script = ExtResource("5_qfvbw")

[node name="@Node3D@27397" type="Node3D" parent="Path3D/Trees"]
transform = Transform3D(0.98608, 0, -0.166273, 0, 1, 0, 0.166273, 0, 0.98608, 260.203, 0, 150.246)

[node name="tree" type="Node3D" parent="Path3D/Trees/@Node3D@27397" instance=ExtResource("4_eenh3")]
script = ExtResource("5_qfvbw")

[node name="@Node3D@27398" type="Node3D" parent="Path3D/Trees"]
transform = Transform3D(-0.986879, 0, -0.161461, 0, 1, 0, 0.161461, 0, -0.986879, 185.818, 0, 142.687)

[node name="tree" type="Node3D" parent="Path3D/Trees/@Node3D@27398" instance=ExtResource("4_eenh3")]
script = ExtResource("5_qfvbw")

[node name="@Node3D@27399" type="Node3D" parent="Path3D/Trees"]
transform = Transform3D(0.141623, 0, -0.989921, 0, 1, 0, 0.989921, 0, 0.141623, 256.358, 0, 134.923)

[node name="tree" type="Node3D" parent="Path3D/Trees/@Node3D@27399" instance=ExtResource("4_eenh3")]
script = ExtResource("5_qfvbw")

[node name="@Node3D@27400" type="Node3D" parent="Path3D/Trees"]
transform = Transform3D(-0.953446, 0, 0.301564, 0, 1, 0, -0.301564, 0, -0.953446, 260.117, 0, 127.459)

[node name="tree" type="Node3D" parent="Path3D/Trees/@Node3D@27400" instance=ExtResource("4_eenh3")]
script = ExtResource("5_qfvbw")

[node name="@Node3D@27401" type="Node3D" parent="Path3D/Trees"]
transform = Transform3D(-0.79289, 0, -0.609364, 0, 1, 0, 0.609364, 0, -0.79289, 181.285, 0, 120.335)

[node name="tree" type="Node3D" parent="Path3D/Trees/@Node3D@27401" instance=ExtResource("4_eenh3")]
script = ExtResource("5_qfvbw")

[node name="@Node3D@27402" type="Node3D" parent="Path3D/Trees"]
transform = Transform3D(0.485471, 0, -0.874253, 0, 1, 0, 0.874253, 0, 0.485471, 254.78, 0, 113.02)

[node name="tree" type="Node3D" parent="Path3D/Trees/@Node3D@27402" instance=ExtResource("4_eenh3")]
script = ExtResource("5_qfvbw")

[node name="@Node3D@27403" type="Node3D" parent="Path3D/Trees"]
transform = Transform3D(-0.766706, 0, 0.641999, 0, 1, 0, -0.641999, 0, -0.766706, 181.951, 0, 106.195)

[node name="tree" type="Node3D" parent="Path3D/Trees/@Node3D@27403" instance=ExtResource("4_eenh3")]
script = ExtResource("5_qfvbw")

[node name="@Node3D@27404" type="Node3D" parent="Path3D/Trees"]
transform = Transform3D(-0.997521, 0, 0.0703673, 0, 1, 0, -0.0703673, 0, -0.997521, 261.145, 0, 99.2193)

[node name="tree" type="Node3D" parent="Path3D/Trees/@Node3D@27404" instance=ExtResource("4_eenh3")]
script = ExtResource("5_qfvbw")

[node name="@Node3D@27405" type="Node3D" parent="Path3D/Trees"]
transform = Transform3D(-0.972504, 0, -0.232888, 0, 1, 0, 0.232888, 0, -0.972504, 182.667, 0, 93.3361)

[node name="tree" type="Node3D" parent="Path3D/Trees/@Node3D@27405" instance=ExtResource("4_eenh3")]
script = ExtResource("5_qfvbw")

[node name="@Node3D@27406" type="Node3D" parent="Path3D/Trees"]
transform = Transform3D(0.261506, 0, 0.965202, 0, 1, 0, -0.965202, 0, 0.261506, 183.25, 0, 86.8673)

[node name="tree" type="Node3D" parent="Path3D/Trees/@Node3D@27406" instance=ExtResource("4_eenh3")]
script = ExtResource("5_qfvbw")

[node name="@Node3D@27407" type="Node3D" parent="Path3D/Trees"]
transform = Transform3D(-0.565458, 0, 0.824777, 0, 1, 0, -0.824777, 0, -0.565458, 186.71, 0, 80.588)

[node name="tree" type="Node3D" parent="Path3D/Trees/@Node3D@27407" instance=ExtResource("4_eenh3")]
script = ExtResource("5_qfvbw")

[node name="@Node3D@27408" type="Node3D" parent="Path3D/Trees"]
transform = Transform3D(-0.274352, 0, -0.961629, 0, 1, 0, 0.961629, 0, -0.274352, 259.646, 0, 74.4291)

[node name="tree" type="Node3D" parent="Path3D/Trees/@Node3D@27408" instance=ExtResource("4_eenh3")]
script = ExtResource("5_qfvbw")

[node name="@Node3D@27409" type="Node3D" parent="Path3D/Trees"]
transform = Transform3D(0.441086, 0, 0.897465, 0, 1, 0, -0.897465, 0, 0.441086, 262.229, 0, 68.5864)

[node name="tree" type="Node3D" parent="Path3D/Trees/@Node3D@27409" instance=ExtResource("4_eenh3")]
script = ExtResource("5_qfvbw")

[node name="@Node3D@27410" type="Node3D" parent="Path3D/Trees"]
transform = Transform3D(0.999569, 0, -0.0293646, 0, 1, 0, 0.0293646, 0, 0.999569, 185.403, 0, 63.0034)

[node name="tree" type="Node3D" parent="Path3D/Trees/@Node3D@27410" instance=ExtResource("4_eenh3")]
script = ExtResource("5_qfvbw")

[node name="@Node3D@27411" type="Node3D" parent="Path3D/Trees"]
transform = Transform3D(0.0958556, 0, -0.995395, 0, 1, 0, 0.995395, 0, 0.0958556, 262.939, 0, 57.5755)

[node name="tree" type="Node3D" parent="Path3D/Trees/@Node3D@27411" instance=ExtResource("4_eenh3")]
script = ExtResource("5_qfvbw")

[node name="@Node3D@27412" type="Node3D" parent="Path3D/Trees"]
transform = Transform3D(0.934956, 0, 0.354765, 0, 1, 0, -0.354765, 0, 0.934956, 181.014, 0, 52.3805)

[node name="tree" type="Node3D" parent="Path3D/Trees/@Node3D@27412" instance=ExtResource("4_eenh3")]
script = ExtResource("5_qfvbw")

[node name="@Node3D@27413" type="Node3D" parent="Path3D/Trees"]
transform = Transform3D(-0.356483, 0, -0.934302, 0, 1, 0, 0.934302, 0, -0.356483, 179.315, 0, 47.4184)

[node name="tree" type="Node3D" parent="Path3D/Trees/@Node3D@27413" instance=ExtResource("4_eenh3")]
script = ExtResource("5_qfvbw")

[node name="@Node3D@27414" type="Node3D" parent="Path3D/Trees"]
transform = Transform3D(0.508974, 0, -0.860782, 0, 1, 0, 0.860782, 0, 0.508974, 256.259, 0, 42.8451)

[node name="tree" type="Node3D" parent="Path3D/Trees/@Node3D@27414" instance=ExtResource("4_eenh3")]
script = ExtResource("5_qfvbw")

[node name="@Node3D@27415" type="Node3D" parent="Path3D/Trees"]
transform = Transform3D(0.987941, 0, -0.154832, 0, 1, 0, 0.154832, 0, 0.987941, 261.21, 0, 38.4602)

[node name="tree" type="Node3D" parent="Path3D/Trees/@Node3D@27415" instance=ExtResource("4_eenh3")]
script = ExtResource("5_qfvbw")

[node name="@Node3D@27416" type="Node3D" parent="Path3D/Trees"]
transform = Transform3D(-0.995996, 0, 0.0893942, 0, 1, 0, -0.0893942, 0, -0.995996, 255.16, 0, 34.3155)

[node name="tree" type="Node3D" parent="Path3D/Trees/@Node3D@27416" instance=ExtResource("4_eenh3")]
script = ExtResource("5_qfvbw")

[node name="@Node3D@27417" type="Node3D" parent="Path3D/Trees"]
transform = Transform3D(0.803094, 0, 0.595852, 0, 1, 0, -0.595852, 0, 0.803094, 262.304, 0, 30.5047)

[node name="tree" type="Node3D" parent="Path3D/Trees/@Node3D@27417" instance=ExtResource("4_eenh3")]
script = ExtResource("5_qfvbw")

[node name="@Node3D@27418" type="Node3D" parent="Path3D/Trees"]
transform = Transform3D(0.971878, 0, -0.235485, 0, 1, 0, 0.235485, 0, 0.971878, 263.86, 0, 26.9696)

[node name="tree" type="Node3D" parent="Path3D/Trees/@Node3D@27418" instance=ExtResource("4_eenh3")]
script = ExtResource("5_qfvbw")

[node name="@Node3D@27419" type="Node3D" parent="Path3D/Trees"]
transform = Transform3D(0.472612, 0, -0.881271, 0, 1, 0, 0.881271, 0, 0.472612, 254.742, 0, 23.6523)

[node name="tree" type="Node3D" parent="Path3D/Trees/@Node3D@27419" instance=ExtResource("4_eenh3")]
script = ExtResource("5_qfvbw")

[node name="@Node3D@27420" type="Node3D" parent="Path3D/Trees"]
transform = Transform3D(0.648359, 0, 0.761334, 0, 1, 0, -0.761334, 0, 0.648359, 257.764, 0, 21.0077)

[node name="tree" type="Node3D" parent="Path3D/Trees/@Node3D@27420" instance=ExtResource("4_eenh3")]
script = ExtResource("5_qfvbw")

[node name="@Node3D@27421" type="Node3D" parent="Path3D/Trees"]
transform = Transform3D(-0.996661, 0, -0.0816539, 0, 1, 0, 0.0816539, 0, -0.996661, 261.018, 0, 18.4296)

[node name="tree" type="Node3D" parent="Path3D/Trees/@Node3D@27421" instance=ExtResource("4_eenh3")]
script = ExtResource("5_qfvbw")

[node name="@Node3D@27422" type="Node3D" parent="Path3D/Trees"]
transform = Transform3D(0.819965, 0, -0.572414, 0, 1, 0, 0.572414, 0, 0.819965, 185.508, 0, 14.846)

[node name="tree" type="Node3D" parent="Path3D/Trees/@Node3D@27422" instance=ExtResource("4_eenh3")]
script = ExtResource("5_qfvbw")

[node name="@Node3D@27423" type="Node3D" parent="Path3D/Trees"]
transform = Transform3D(-0.346572, 0, 0.938023, 0, 1, 0, -0.938023, 0, -0.346572, 186.839, 0, 12.6096)

[node name="tree" type="Node3D" parent="Path3D/Trees/@Node3D@27423" instance=ExtResource("4_eenh3")]
script = ExtResource("5_qfvbw")

[node name="@Node3D@27424" type="Node3D" parent="Path3D/Trees"]
transform = Transform3D(-0.985542, 0, 0.169429, 0, 1, 0, -0.169429, 0, -0.985542, 257.361, 0, 12.849)

[node name="tree" type="Node3D" parent="Path3D/Trees/@Node3D@27424" instance=ExtResource("4_eenh3")]
script = ExtResource("5_qfvbw")

[node name="@Node3D@27425" type="Node3D" parent="Path3D/Trees"]
transform = Transform3D(-0.990213, 0, 0.139567, 0, 1, 0, -0.139567, 0, -0.990213, 181.667, 0, 8.59338)

[node name="tree" type="Node3D" parent="Path3D/Trees/@Node3D@27425" instance=ExtResource("4_eenh3")]
script = ExtResource("5_qfvbw")

[node name="@Node3D@27426" type="Node3D" parent="Path3D/Trees"]
transform = Transform3D(-0.764905, 0, 0.644143, 0, 1, 0, -0.644143, 0, -0.764905, 186.765, 0, 6.37601)

[node name="tree" type="Node3D" parent="Path3D/Trees/@Node3D@27426" instance=ExtResource("4_eenh3")]
script = ExtResource("5_qfvbw")

[node name="@Node3D@27427" type="Node3D" parent="Path3D/Trees"]
transform = Transform3D(0.964645, 0, 0.263554, 0, 1, 0, -0.263554, 0, 0.964645, 187.494, 0, 4.10386)

[node name="tree" type="Node3D" parent="Path3D/Trees/@Node3D@27427" instance=ExtResource("4_eenh3")]
script = ExtResource("5_qfvbw")

[node name="@Node3D@27428" type="Node3D" parent="Path3D/Trees"]
transform = Transform3D(-0.551409, 0, -0.834235, 0, 1, 0, 0.834235, 0, -0.551409, 182.566, 0, 0.917097)

[node name="tree" type="Node3D" parent="Path3D/Trees/@Node3D@27428" instance=ExtResource("4_eenh3")]
script = ExtResource("5_qfvbw")

[node name="@Node3D@27429" type="Node3D" parent="Path3D/Trees"]
transform = Transform3D(0.975717, 0, -0.219037, 0, 1, 0, 0.219037, 0, 0.975717, 182.85, 0, -0.458513)

[node name="tree" type="Node3D" parent="Path3D/Trees/@Node3D@27429" instance=ExtResource("4_eenh3")]
script = ExtResource("5_qfvbw")

[node name="@Node3D@27430" type="Node3D" parent="Path3D/Trees"]
transform = Transform3D(-0.120677, 0, -0.992692, 0, 1, 0, 0.992692, 0, -0.120677, 182.255, 0, -2.02809)

[node name="tree" type="Node3D" parent="Path3D/Trees/@Node3D@27430" instance=ExtResource("4_eenh3")]
script = ExtResource("5_qfvbw")

[node name="@Node3D@27431" type="Node3D" parent="Path3D/Trees"]
transform = Transform3D(0.960515, 0, -0.278229, 0, 1, 0, 0.278229, 0, 0.960515, 180.379, 0, -3.90843)

[node name="tree" type="Node3D" parent="Path3D/Trees/@Node3D@27431" instance=ExtResource("4_eenh3")]
script = ExtResource("5_qfvbw")

[node name="@Node3D@27432" type="Node3D" parent="Path3D/Trees"]
transform = Transform3D(-0.904157, 0, -0.4272, 0, 1, 0, 0.4272, 0, -0.904157, 187.545, 0, -3.9323)

[node name="tree" type="Node3D" parent="Path3D/Trees/@Node3D@27432" instance=ExtResource("4_eenh3")]
script = ExtResource("5_qfvbw")

[node name="@Node3D@27433" type="Node3D" parent="Path3D/Trees"]
transform = Transform3D(0.230023, 0, -0.973185, 0, 1, 0, 0.973185, 0, 0.230023, 257.357, 0, 10.8087)

[node name="tree" type="Node3D" parent="Path3D/Trees/@Node3D@27433" instance=ExtResource("4_eenh3")]
script = ExtResource("5_qfvbw")

[node name="@Node3D@27434" type="Node3D" parent="Path3D/Trees"]
transform = Transform3D(-0.441366, 0, -0.897327, 0, 1, 0, 0.897327, 0, -0.441366, 183.389, 0, -7.85717)

[node name="tree" type="Node3D" parent="Path3D/Trees/@Node3D@27434" instance=ExtResource("4_eenh3")]
script = ExtResource("5_qfvbw")

[node name="@Node3D@27435" type="Node3D" parent="Path3D/Trees"]
transform = Transform3D(0.908628, 0, 0.417606, 0, 1, 0, -0.417606, 0, 0.908628, 263.606, 0, 11.9706)

[node name="tree" type="Node3D" parent="Path3D/Trees/@Node3D@27435" instance=ExtResource("4_eenh3")]
script = ExtResource("5_qfvbw")

[node name="@Node3D@27436" type="Node3D" parent="Path3D/Trees"]
transform = Transform3D(0.85302, 0, -0.521878, 0, 1, 0, 0.521878, 0, 0.85302, 260.361, 0, 10.9124)

[node name="tree" type="Node3D" parent="Path3D/Trees/@Node3D@27436" instance=ExtResource("4_eenh3")]
script = ExtResource("5_qfvbw")

[node name="@Node3D@27437" type="Node3D" parent="Path3D/Trees"]
transform = Transform3D(-0.116282, 0, -0.993216, 0, 1, 0, 0.993216, 0, -0.116282, 185.077, 0, -12.4142)

[node name="tree" type="Node3D" parent="Path3D/Trees/@Node3D@27437" instance=ExtResource("4_eenh3")]
script = ExtResource("5_qfvbw")

[node name="@Node3D@27438" type="Node3D" parent="Path3D/Trees"]
transform = Transform3D(-0.250528, 0, 0.968109, 0, 1, 0, -0.968109, 0, -0.250528, 188.021, 0, -13.1965)

[node name="tree" type="Node3D" parent="Path3D/Trees/@Node3D@27438" instance=ExtResource("4_eenh3")]
script = ExtResource("5_qfvbw")

[node name="@Node3D@27439" type="Node3D" parent="Path3D/Trees"]
transform = Transform3D(0.272383, 0, 0.962189, 0, 1, 0, -0.962189, 0, 0.272383, 261.035, 0, 10.8011)

