[gd_scene load_steps=25 format=3 uid="uid://by35obqu2bjys"]

[ext_resource type="Script" path="res://Game9/Game/Tracks/track.gd" id="1_lub20"]
[ext_resource type="Texture2D" uid="uid://cd2vrrflcyrsu" path="res://Game9/Game/Scenery/Ground/ground.png" id="1_xrfq4"]
[ext_resource type="Texture2D" uid="uid://k1j5g11njrrl" path="res://Game9/Game/Scenery/Track/road.jpg" id="3_85fm4"]
[ext_resource type="Script" path="res://Game9/Game/Tracks/track_tools.gd" id="3_okrjb"]
[ext_resource type="PackedScene" uid="uid://s6e63r0aowht" path="res://Game9/Game/Scenery/Tree/tree.tscn" id="4_6tntm"]
[ext_resource type="Texture2D" uid="uid://dxl4k7vk2upgg" path="res://Game9/Game/Scenery/Track/edging.png" id="4_mxm7l"]
[ext_resource type="Texture2D" uid="uid://dq3t8p3t3ylrs" path="res://Game9/Game/Scenery/Wall/concrete_wall.jpg" id="5_wkewi"]
[ext_resource type="Texture2D" uid="uid://cpcj30iwproh8" path="res://Game9/Game/Scenery/Track/start_finish_line.png" id="6_ikv05"]

[sub_resource type="StandardMaterial3D" id="StandardMaterial3D_s71fj"]
albedo_color = Color(0.422371, 0.422371, 0.422371, 1)
albedo_texture = ExtResource("1_xrfq4")
uv1_scale = Vector3(100, 100, 100)
texture_filter = 4

[sub_resource type="PlaneMesh" id="PlaneMesh_qrr3v"]
material = SubResource("StandardMaterial3D_s71fj")
size = Vector2(1500, 1500)

[sub_resource type="BoxShape3D" id="BoxShape3D_fcs6e"]
size = Vector3(1500, 1, 1500)

[sub_resource type="Curve3D" id="Curve3D_nodlx"]
_data = {
"points": PackedVector3Array(-15, 0, 0, 15, 0, 0, 27.5463, 0, 251.509, -10.3988, 0, 2.01387, 10.3988, 0, -2.01387, 246.17, 0, 240.525, -23.8955, 0, 13.7954, 23.8955, 0, -13.7954, 284.673, 0, 191.959, -11.015, 0, 7.235, 11.015, 0, -7.235, 344.264, 0, 188.51, -1.4303, 0, 13.8879, 1.4303, 0, -13.8879, 420.38, 0, 64.6738, 22.2357, 0, 17.7188, -22.2357, 0, -17.7188, 366.884, 0, -0.798437, 37.7649, 0, 7.38991, -37.7649, 0, -7.38991, 246.319, 0, -61.48, 16, 0, -9, -16, 0, 9, 105.794, 0, -55.0925, 8.35661, 0, -10.5658, -8.35661, 0, 10.5658, 64.3165, 0, -6.38764, 20.9185, 0, 3.01444, -20.9185, 0, -3.01444, 13, 0, 18, 27.5005, 0, 19.991, -27.5005, 0, -19.991, -65.8714, 0, -24.7517, -3.57227, 0, 32.4283, 3.57227, 0, -32.4283, -153.439, 0, -184.871, 0.251221, 0, 16.7269, -0.251221, 0, -16.7269, -119.367, 0, -241.129, 21.1472, 0, 7.53214, -21.1472, 0, -7.53214, -225, 0, -326, 18.4066, 0, -8.6774, -18.4066, 0, 8.6774, -279, 0, -325, 23.0865, 0, -14.8614, -23.0865, 0, 14.8614, -329.162, 0, -270.62, 10.8801, 0, -10.8805, -10.8801, 0, 10.8805, -388, 0, -259, 1.60046, 0, -4.76924, -1.60046, 0, 4.76924, -403.452, 0, -202.744, 5.08563, 0, -21.0297, -5.08563, 0, 21.0297, -425.863, 0, -133.546, -4.74237, 0, -13.8118, 4.74237, 0, 13.8118, -444.333, 0, -13.5735, -9.56631, 0, -8.85393, 9.56631, 0, 8.85393, -350.565, 0, 63.8342, -1.59772, 0, -5.66998, 1.59772, 0, 5.66998, -332.064, 0, 92.5444, 6.20795, 0, -13.0265, -6.20795, 0, 13.0265, -333.881, 0, 126.071, -5.53601, 0, -17.1078, 5.53601, 0, 17.1078, -364.489, 0, 188.432, -29.8372, 0, -3.88373, 29.8372, 0, 3.88373, -287.838, 0, 218.773, -26.2363, 0, -9.38948, 26.2363, 0, 9.38948, -196.396, 0, 209.412, -14.8742, 0, -8.22635, 14.8742, 0, 8.22635, -149.24, 0, 254.545, -15, 0, 0, 15, 1, 0, 27.5463, 0, 251.509),
"tilts": PackedFloat32Array(0, 0, 0, 0, 0, 0, 0, 0, 0, 0, 0, 0, 0, 0, 0, 0, 0, 0, 0, 0, 0, 0, 0, 0, 0, 0, 0, 0)
}
point_count = 28

[sub_resource type="StandardMaterial3D" id="StandardMaterial3D_6n02t"]
albedo_texture = ExtResource("3_85fm4")
uv1_scale = Vector3(0.05, 15, 1)
texture_filter = 5

[sub_resource type="StandardMaterial3D" id="StandardMaterial3D_w2da7"]
albedo_texture = ExtResource("4_mxm7l")
uv1_scale = Vector3(0.1, 0.1, 0.1)

[sub_resource type="StandardMaterial3D" id="StandardMaterial3D_e5ktx"]
albedo_texture = ExtResource("4_mxm7l")
uv1_scale = Vector3(0.1, 0.1, 0.1)

[sub_resource type="StandardMaterial3D" id="StandardMaterial3D_w4mo0"]
albedo_color = Color(0.422371, 0.422371, 0.422371, 1)
albedo_texture = ExtResource("1_xrfq4")
uv1_scale = Vector3(0.1, 20, 1)
texture_filter = 4

[sub_resource type="StandardMaterial3D" id="StandardMaterial3D_4b2y0"]
albedo_color = Color(0.422371, 0.422371, 0.422371, 1)
albedo_texture = ExtResource("1_xrfq4")
uv1_scale = Vector3(0.1, 20, 1)
texture_filter = 4

[sub_resource type="StandardMaterial3D" id="StandardMaterial3D_unkxg"]
albedo_texture = ExtResource("5_wkewi")
uv1_scale = Vector3(0.5, 0.5, 0.5)
uv1_triplanar = true
texture_filter = 4

[sub_resource type="StandardMaterial3D" id="StandardMaterial3D_h3o0n"]
albedo_texture = ExtResource("5_wkewi")
uv1_scale = Vector3(0.5, 0.5, 0.5)
uv1_triplanar = true
texture_filter = 4

[sub_resource type="StandardMaterial3D" id="StandardMaterial3D_f7myp"]
transparency = 1
albedo_texture = ExtResource("6_ikv05")
texture_filter = 4

[sub_resource type="PlaneMesh" id="PlaneMesh_iqv3q"]
material = SubResource("StandardMaterial3D_f7myp")
size = Vector2(3, 19)

[sub_resource type="BoxShape3D" id="BoxShape3D_0qg4h"]
size = Vector3(3, 10, 100)

[sub_resource type="BoxShape3D" id="BoxShape3D_5hbl7"]
size = Vector3(3, 10, 100)

[sub_resource type="Curve3D" id="Curve3D_826kq"]
_data = {
"points": PackedVector3Array(-11.5376, 0, 0.471985, 11.5376, 0, -0.471985, 21.3593, 0, 266.863, -22.8797, 0, 2.69266, 22.8797, 0, -2.69266, 177.562, 0, 257.449, -20.2186, 0, 8.73785, 20.2186, 0, -8.73785, 248.912, 0, 245.433, -12.0963, 0, 6.79337, 12.0963, 0, -6.79337, 293.224, 0, 215.891, -14.2339, 0, 10.2253, 14.2339, 0, -10.2253, 350.863, 0, 192.538, -14.5162, 0, 25.3607, 14.5162, 0, -25.3607, 403.437, 0, 131.953, 0.218048, 0, 13.5134, -0.218048, 0, -13.5134, 422.236, 0, 65.9615, 8.42929, 0, 14.2093, -8.42929, 0, -14.2093, 408.467, 0, 19.3961, 13.4143, 0, 7.20598, -13.4143, 0, -7.20598, 326.752, 0, -38.8297, 33.5727, 0, 4.41916, -33.5727, 0, -4.41916, 230.868, 0, -66.6187, 21.9694, 0, -10.2413, -21.9694, 0, 10.2413, 105.191, 0, -61.1109, 27.2778, 0, -3.94184, -27.2778, 0, 3.94184, 24.124, 0, -10.8577, 13.3715, 0, 7.99584, -13.3715, 0, -7.99584, -40.9673, 0, -23.6256, 7.9106, 0, 13.8641, -7.9106, 0, -13.8641, -96.6421, 0, -99.12, 4.81006, 0, 22.1762, -4.81006, 0, -22.1762, -127.185, 0, -172.723, -3.82818, 0, 14.0898, 3.82818, 0, -14.0898, -115.675, 0, -230.802, 10.9592, 0, 15.0507, -10.9592, 0, -15.0507, -127.692, 0, -281.373, 20.3956, 0, 8.24985, -20.3956, 0, -8.24985, -194.903, 0, -325.229, 27.7955, 0, -4.62488, -27.7955, 0, 4.62488, -266.253, 0, -334.492, 14.1336, 0, -9.14291, -14.1336, 0, 9.14291, -342.756, 0, -294.522, 14.6792, 0, -18.2456, -14.6792, 0, 18.2456, -398.334, 0, -257.971, 3.51752, 0, -17.5686, -3.51752, 0, 17.5686, -438.65, 0, -144.836, -0.0617676, 0, -19.7032, 0.0617676, 0, 19.7032, -451.668, 0, -29.4237, -14.7425, 0, -16.3505, 14.7425, 0, 16.3505, -418.836, 0, 35.7767, -13.5071, 0, -12.7224, 13.5071, 0, 12.7224, -364.51, 0, 82.342, 2.994, 0, -11.303, -2.994, 0, 11.303, -358, 0, 134.665, -0.566406, 0, -19.4961, 0.566406, 0, 19.4961, -370.001, 0, 185.968, -19.5317, 0, -6.00826, 19.5317, 0, 6.00826, -329.944, 0, 224.773, -17.474, 0, -0.330399, 17.474, 0, 0.330399, -255.34, 0, 233.535, -14.8806, 0, -3.7583, 14.8806, 0, 3.7583, -203.994, 0, 234.391, -16.5165, 0, -4.85425, 16.5165, 0, 4.85425, -148.416, 0, 261.679, -10.279, 0, -0.29, 10.279, 0, 0.29, -54.2919, 0, 269.505, -10.9794, 0, 0.548401, 10.9794, 0, -0.548401, 21.3593, 0, 266.863),
"tilts": PackedFloat32Array(0, 0, 0, 0, 0, 0, 0, 0, 0, 0, 0, 0, 0, 0, 0, 0, 0, 0, 0, 0, 0, 0, 0, 0, 0, 0, 0, 0, 0, 0, 0, 0, 0)
}
point_count = 33

[node name="Track4" type="Node3D"]
script = ExtResource("1_lub20")

[node name="Floor" type="StaticBody3D" parent="." groups=["Floor"]]
transform = Transform3D(1, 0, 0, 0, 1, 0, 0, 0, 1, 0, -0.1, 0)

[node name="MeshInstance3D" type="MeshInstance3D" parent="Floor"]
mesh = SubResource("PlaneMesh_qrr3v")

[node name="CollisionShape3D" type="CollisionShape3D" parent="Floor"]
transform = Transform3D(1, 0, 0, 0, 1, 0, 0, 0, 1, 0, -0.5, 0)
shape = SubResource("BoxShape3D_fcs6e")

[node name="Path3D" type="Path3D" parent="."]
curve = SubResource("Curve3D_nodlx")
script = ExtResource("3_okrjb")
tree_count = 1000
base_count = 0

[node name="Trees" type="Node3D" parent="Path3D"]

[node name="@Node3D@134463" type="Node3D" parent="Path3D/Trees"]
transform = Transform3D(-0.718773, 0, 0.695244, 0, 1, 0, -0.695244, 0, -0.718773, 28.351, 0, 308.797)

[node name="tree" parent="Path3D/Trees/@Node3D@134463" instance=ExtResource("4_6tntm")]

[node name="@Node3D@134464" type="Node3D" parent="Path3D/Trees"]
transform = Transform3D(-0.173197, 0, -0.984887, 0, 1, 0, 0.984887, 0, -0.173197, 31.0952, 0, 307.955)

[node name="tree" parent="Path3D/Trees/@Node3D@134464" instance=ExtResource("4_6tntm")]

[node name="@Node3D@134465" type="Node3D" parent="Path3D/Trees"]
transform = Transform3D(-0.766857, 0, 0.641819, 0, 1, 0, -0.641819, 0, -0.766857, 31.5768, 0, 229.421)

[node name="tree" parent="Path3D/Trees/@Node3D@134465" instance=ExtResource("4_6tntm")]

[node name="@Node3D@134466" type="Node3D" parent="Path3D/Trees"]
transform = Transform3D(-0.274061, 0, -0.961712, 0, 1, 0, 0.961712, 0, -0.274061, 36.0679, 0, 309.123)

[node name="tree" parent="Path3D/Trees/@Node3D@134466" instance=ExtResource("4_6tntm")]

[node name="@Node3D@134467" type="Node3D" parent="Path3D/Trees"]
transform = Transform3D(-0.803333, 0, -0.59553, 0, 1, 0, 0.59553, 0, -0.803333, 35.432, 0, 230.269)

[node name="tree" parent="Path3D/Trees/@Node3D@134467" instance=ExtResource("4_6tntm")]

[node name="@Node3D@134468" type="Node3D" parent="Path3D/Trees"]
transform = Transform3D(-0.960462, 0, -0.27841, 0, 1, 0, 0.27841, 0, -0.960462, 40.584, 0, 307.299)

[node name="tree" parent="Path3D/Trees/@Node3D@134468" instance=ExtResource("4_6tntm")]

[node name="@Node3D@134469" type="Node3D" parent="Path3D/Trees"]
transform = Transform3D(0.427028, 0, -0.904238, 0, 1, 0, 0.904238, 0, 0.427028, 40.1947, 0, 226.101)

[node name="tree" parent="Path3D/Trees/@Node3D@134469" instance=ExtResource("4_6tntm")]

[node name="@Node3D@134470" type="Node3D" parent="Path3D/Trees"]
transform = Transform3D(0.515515, 0, 0.85688, 0, 1, 0, -0.85688, 0, 0.515515, 46.1161, 0, 306.742)

[node name="tree" parent="Path3D/Trees/@Node3D@134470" instance=ExtResource("4_6tntm")]

[node name="@Node3D@134471" type="Node3D" parent="Path3D/Trees"]
transform = Transform3D(0.928895, 0, 0.370344, 0, 1, 0, -0.370344, 0, 0.928895, 45.7831, 0, 225.198)

[node name="tree" parent="Path3D/Trees/@Node3D@134471" instance=ExtResource("4_6tntm")]

[node name="@Node3D@134472" type="Node3D" parent="Path3D/Trees"]
transform = Transform3D(0.234339, 0, -0.972155, 0, 1, 0, 0.972155, 0, 0.234339, 52.3621, 0, 308.816)

[node name="tree" parent="Path3D/Trees/@Node3D@134472" instance=ExtResource("4_6tntm")]

[node name="@Node3D@134473" type="Node3D" parent="Path3D/Trees"]
transform = Transform3D(0.519719, 0, -0.854337, 0, 1, 0, 0.854337, 0, 0.519719, 55.4743, 0, 300.596)

[node name="tree" parent="Path3D/Trees/@Node3D@134473" instance=ExtResource("4_6tntm")]

[node name="@Node3D@134474" type="Node3D" parent="Path3D/Trees"]
transform = Transform3D(0.97385, 0, 0.227192, 0, 1, 0, -0.227192, 0, 0.97385, 55.9701, 0, 230.797)

[node name="tree" parent="Path3D/Trees/@Node3D@134474" instance=ExtResource("4_6tntm")]

[node name="@Node3D@134475" type="Node3D" parent="Path3D/Trees"]
transform = Transform3D(0.977461, 0, -0.211118, 0, 1, 0, 0.211118, 0, 0.977461, 59.7159, 0, 230.915)

[node name="tree" parent="Path3D/Trees/@Node3D@134475" instance=ExtResource("4_6tntm")]

[node name="@Node3D@134476" type="Node3D" parent="Path3D/Trees"]
transform = Transform3D(-0.436271, 0, 0.899815, 0, 1, 0, -0.899815, 0, -0.436271, 63.4309, 0, 226.52)

[node name="tree" parent="Path3D/Trees/@Node3D@134476" instance=ExtResource("4_6tntm")]

[node name="@Node3D@134477" type="Node3D" parent="Path3D/Trees"]
transform = Transform3D(-0.325156, 0, -0.94566, 0, 1, 0, 0.94566, 0, -0.325156, 67.4254, 0, 225.169)

[node name="tree" parent="Path3D/Trees/@Node3D@134477" instance=ExtResource("4_6tntm")]

[node name="@Node3D@134478" type="Node3D" parent="Path3D/Trees"]
transform = Transform3D(-0.491089, 0, 0.871109, 0, 1, 0, -0.871109, 0, -0.491089, 74.9456, 0, 307.048)

[node name="tree" parent="Path3D/Trees/@Node3D@134478" instance=ExtResource("4_6tntm")]

[node name="@Node3D@134479" type="Node3D" parent="Path3D/Trees"]
transform = Transform3D(0.987088, 0, 0.160181, 0, 1, 0, -0.160181, 0, 0.987088, 75.9686, 0, 231.535)

[node name="tree" parent="Path3D/Trees/@Node3D@134479" instance=ExtResource("4_6tntm")]

[node name="@Node3D@134480" type="Node3D" parent="Path3D/Trees"]
transform = Transform3D(-0.451607, 0, -0.892217, 0, 1, 0, 0.892217, 0, -0.451607, 80.1492, 0, 225.608)

[node name="tree" parent="Path3D/Trees/@Node3D@134480" instance=ExtResource("4_6tntm")]

[node name="@Node3D@134481" type="Node3D" parent="Path3D/Trees"]
transform = Transform3D(-0.598494, 0, 0.801127, 0, 1, 0, -0.801127, 0, -0.598494, 84.3651, 0, 224.113)

[node name="tree" parent="Path3D/Trees/@Node3D@134481" instance=ExtResource("4_6tntm")]

[node name="@Node3D@134482" type="Node3D" parent="Path3D/Trees"]
transform = Transform3D(0.905549, 0, 0.424242, 0, 1, 0, -0.424242, 0, 0.905549, 89.2716, 0, 229.779)

[node name="tree" parent="Path3D/Trees/@Node3D@134482" instance=ExtResource("4_6tntm")]

[node name="@Node3D@134483" type="Node3D" parent="Path3D/Trees"]
transform = Transform3D(-0.439211, 0, -0.898384, 0, 1, 0, 0.898384, 0, -0.439211, 97.6094, 0, 308.556)

[node name="tree" parent="Path3D/Trees/@Node3D@134483" instance=ExtResource("4_6tntm")]

[node name="@Node3D@134484" type="Node3D" parent="Path3D/Trees"]
transform = Transform3D(-0.797263, 0, 0.603633, 0, 1, 0, -0.603633, 0, -0.797263, 102.22, 0, 303.202)

[node name="tree" parent="Path3D/Trees/@Node3D@134484" instance=ExtResource("4_6tntm")]

[node name="@Node3D@134485" type="Node3D" parent="Path3D/Trees"]
transform = Transform3D(0.322721, 0, 0.946494, 0, 1, 0, -0.946494, 0, 0.322721, 106.907, 0, 304.313)

[node name="tree" parent="Path3D/Trees/@Node3D@134485" instance=ExtResource("4_6tntm")]

[node name="@Node3D@134486" type="Node3D" parent="Path3D/Trees"]
transform = Transform3D(-0.999759, 0, -0.0219524, 0, 1, 0, 0.0219524, 0, -0.999759, 108.209, 0, 225.289)

[node name="tree" parent="Path3D/Trees/@Node3D@134486" instance=ExtResource("4_6tntm")]

[node name="@Node3D@134487" type="Node3D" parent="Path3D/Trees"]
transform = Transform3D(-0.962555, 0, -0.271086, 0, 1, 0, 0.271086, 0, -0.962555, 116.73, 0, 299.972)

[node name="tree" parent="Path3D/Trees/@Node3D@134487" instance=ExtResource("4_6tntm")]

[node name="@Node3D@134488" type="Node3D" parent="Path3D/Trees"]
transform = Transform3D(-0.852915, 0, -0.52205, 0, 1, 0, 0.52205, 0, -0.852915, 117.819, 0, 221.856)

[node name="tree" parent="Path3D/Trees/@Node3D@134488" instance=ExtResource("4_6tntm")]

[node name="@Node3D@134489" type="Node3D" parent="Path3D/Trees"]
transform = Transform3D(-0.0240979, 0, 0.99971, 0, 1, 0, -0.99971, 0, -0.0240979, 126.696, 0, 301.419)

[node name="tree" parent="Path3D/Trees/@Node3D@134489" instance=ExtResource("4_6tntm")]

[node name="@Node3D@134490" type="Node3D" parent="Path3D/Trees"]
transform = Transform3D(-0.248288, 0, -0.968686, 0, 1, 0, 0.968686, 0, -0.248288, 131.824, 0, 301.163)

[node name="tree" parent="Path3D/Trees/@Node3D@134490" instance=ExtResource("4_6tntm")]

[node name="@Node3D@134491" type="Node3D" parent="Path3D/Trees"]
transform = Transform3D(-0.998111, 0, 0.0614372, 0, 1, 0, -0.0614372, 0, -0.998111, 133.21, 0, 223.186)

[node name="tree" parent="Path3D/Trees/@Node3D@134491" instance=ExtResource("4_6tntm")]

[node name="@Node3D@134492" type="Node3D" parent="Path3D/Trees"]
transform = Transform3D(0.200399, 0, 0.979714, 0, 1, 0, -0.979714, 0, 0.200399, 141.821, 0, 300.867)

[node name="tree" parent="Path3D/Trees/@Node3D@134492" instance=ExtResource("4_6tntm")]

[node name="@Node3D@134493" type="Node3D" parent="Path3D/Trees"]
transform = Transform3D(-0.938931, 0, 0.344105, 0, 1, 0, -0.344105, 0, -0.938931, 146.829, 0, 297.848)

[node name="tree" parent="Path3D/Trees/@Node3D@134493" instance=ExtResource("4_6tntm")]

[node name="@Node3D@134494" type="Node3D" parent="Path3D/Trees"]
transform = Transform3D(-0.836926, 0, 0.547316, 0, 1, 0, -0.547316, 0, -0.836926, 152.195, 0, 302.428)

[node name="tree" parent="Path3D/Trees/@Node3D@134494" instance=ExtResource("4_6tntm")]

[node name="@Node3D@134495" type="Node3D" parent="Path3D/Trees"]
transform = Transform3D(0.776413, 0, 0.630224, 0, 1, 0, -0.630224, 0, 0.776413, 156.985, 0, 301.847)

[node name="tree" parent="Path3D/Trees/@Node3D@134495" instance=ExtResource("4_6tntm")]

[node name="@Node3D@134496" type="Node3D" parent="Path3D/Trees"]
transform = Transform3D(0.983024, 0, 0.183478, 0, 1, 0, -0.183478, 0, 0.983024, 161.982, 0, 300.045)

[node name="tree" parent="Path3D/Trees/@Node3D@134496" instance=ExtResource("4_6tntm")]

[node name="@Node3D@134497" type="Node3D" parent="Path3D/Trees"]
transform = Transform3D(0.94591, 0, 0.324431, 0, 1, 0, -0.324431, 0, 0.94591, 166.897, 0, 297.503)

[node name="tree" parent="Path3D/Trees/@Node3D@134497" instance=ExtResource("4_6tntm")]

[node name="@Node3D@134498" type="Node3D" parent="Path3D/Trees"]
transform = Transform3D(0.948056, 0, -0.318104, 0, 1, 0, 0.318104, 0, 0.948056, 168.186, 0, 225.104)

[node name="tree" parent="Path3D/Trees/@Node3D@134498" instance=ExtResource("4_6tntm")]

[node name="@Node3D@134499" type="Node3D" parent="Path3D/Trees"]
transform = Transform3D(0.91664, 0, 0.399714, 0, 1, 0, -0.399714, 0, 0.91664, 176.398, 0, 294.999)

[node name="tree" parent="Path3D/Trees/@Node3D@134499" instance=ExtResource("4_6tntm")]

[node name="@Node3D@134500" type="Node3D" parent="Path3D/Trees"]
transform = Transform3D(-0.444095, 0, 0.89598, 0, 1, 0, -0.89598, 0, -0.444095, 181.662, 0, 302.771)

[node name="tree" parent="Path3D/Trees/@Node3D@134500" instance=ExtResource("4_6tntm")]

[node name="@Node3D@134501" type="Node3D" parent="Path3D/Trees"]
transform = Transform3D(0.375294, 0, 0.926906, 0, 1, 0, -0.926906, 0, 0.375294, 186.319, 0, 300.407)

[node name="tree" parent="Path3D/Trees/@Node3D@134501" instance=ExtResource("4_6tntm")]

[node name="@Node3D@134502" type="Node3D" parent="Path3D/Trees"]
transform = Transform3D(0.899366, 0, -0.437196, 0, 1, 0, 0.437196, 0, 0.899366, 190.894, 0, 298.239)

[node name="tree" parent="Path3D/Trees/@Node3D@134502" instance=ExtResource("4_6tntm")]

[node name="@Node3D@134503" type="Node3D" parent="Path3D/Trees"]
transform = Transform3D(-0.593221, 0, 0.80504, 0, 1, 0, -0.80504, 0, -0.593221, 191.344, 0, 226.331)

[node name="tree" parent="Path3D/Trees/@Node3D@134503" instance=ExtResource("4_6tntm")]

[node name="@Node3D@134504" type="Node3D" parent="Path3D/Trees"]
transform = Transform3D(0.57598, 0, 0.817463, 0, 1, 0, -0.817463, 0, 0.57598, 195.757, 0, 225.904)

[node name="tree" parent="Path3D/Trees/@Node3D@134504" instance=ExtResource("4_6tntm")]

[node name="@Node3D@134505" type="Node3D" parent="Path3D/Trees"]
transform = Transform3D(0.899017, 0, 0.437913, 0, 1, 0, -0.437913, 0, 0.899017, 203.927, 0, 295.643)

[node name="tree" parent="Path3D/Trees/@Node3D@134505" instance=ExtResource("4_6tntm")]

[node name="@Node3D@134506" type="Node3D" parent="Path3D/Trees"]
transform = Transform3D(-0.996464, 0, 0.0840145, 0, 1, 0, -0.0840145, 0, -0.996464, 208.274, 0, 301.956)

[node name="tree" parent="Path3D/Trees/@Node3D@134506" instance=ExtResource("4_6tntm")]

[node name="@Node3D@134507" type="Node3D" parent="Path3D/Trees"]
transform = Transform3D(0.90489, 0, -0.425645, 0, 1, 0, 0.425645, 0, 0.90489, 207.838, 0, 222.174)

[node name="tree" parent="Path3D/Trees/@Node3D@134507" instance=ExtResource("4_6tntm")]

[node name="@Node3D@134508" type="Node3D" parent="Path3D/Trees"]
transform = Transform3D(0.137448, 0, -0.990509, 0, 1, 0, 0.990509, 0, 0.137448, 211.805, 0, 223.546)

[node name="tree" parent="Path3D/Trees/@Node3D@134508" instance=ExtResource("4_6tntm")]

[node name="@Node3D@134509" type="Node3D" parent="Path3D/Trees"]
transform = Transform3D(-0.726565, 0, -0.687098, 0, 1, 0, 0.687098, 0, -0.726565, 220.143, 0, 301.392)

[node name="tree" parent="Path3D/Trees/@Node3D@134509" instance=ExtResource("4_6tntm")]

[node name="@Node3D@134510" type="Node3D" parent="Path3D/Trees"]
transform = Transform3D(-0.477628, 0, 0.878562, 0, 1, 0, -0.878562, 0, -0.477628, 223.208, 0, 295.07)

[node name="tree" parent="Path3D/Trees/@Node3D@134510" instance=ExtResource("4_6tntm")]

[node name="@Node3D@134511" type="Node3D" parent="Path3D/Trees"]
transform = Transform3D(0.45497, 0, -0.890507, 0, 1, 0, 0.890507, 0, 0.45497, 226.989, 0, 299.781)

[node name="tree" parent="Path3D/Trees/@Node3D@134511" instance=ExtResource("4_6tntm")]

[node name="@Node3D@134512" type="Node3D" parent="Path3D/Trees"]
transform = Transform3D(-0.834422, 0, -0.551127, 0, 1, 0, 0.551127, 0, -0.834422, 229.874, 0, 293.004)

[node name="tree" parent="Path3D/Trees/@Node3D@134512" instance=ExtResource("4_6tntm")]

[node name="@Node3D@134513" type="Node3D" parent="Path3D/Trees"]
transform = Transform3D(0.874737, 0, -0.484598, 0, 1, 0, 0.484598, 0, 0.874737, 228.314, 0, 224.623)

[node name="tree" parent="Path3D/Trees/@Node3D@134513" instance=ExtResource("4_6tntm")]

[node name="@Node3D@134514" type="Node3D" parent="Path3D/Trees"]
transform = Transform3D(0.67811, 0, -0.73496, 0, 1, 0, 0.73496, 0, 0.67811, 230.843, 0, 221.051)

[node name="tree" parent="Path3D/Trees/@Node3D@134514" instance=ExtResource("4_6tntm")]

[node name="@Node3D@134515" type="Node3D" parent="Path3D/Trees"]
transform = Transform3D(-0.605425, 0, 0.795902, 0, 1, 0, -0.795902, 0, -0.605425, 238.843, 0, 297.343)

[node name="tree" parent="Path3D/Trees/@Node3D@134515" instance=ExtResource("4_6tntm")]

[node name="@Node3D@134516" type="Node3D" parent="Path3D/Trees"]
transform = Transform3D(0.809437, 0, 0.587206, 0, 1, 0, -0.587206, 0, 0.809437, 235.313, 0, 216.355)

[node name="tree" parent="Path3D/Trees/@Node3D@134516" instance=ExtResource("4_6tntm")]

[node name="@Node3D@134517" type="Node3D" parent="Path3D/Trees"]
transform = Transform3D(-0.730291, 0, -0.683136, 0, 1, 0, 0.683136, 0, -0.730291, 243.456, 0, 294.097)

[node name="tree" parent="Path3D/Trees/@Node3D@134517" instance=ExtResource("4_6tntm")]

[node name="@Node3D@134518" type="Node3D" parent="Path3D/Trees"]
transform = Transform3D(-0.946016, 0, -0.324121, 0, 1, 0, 0.324121, 0, -0.946016, 245.878, 0, 294.056)

[node name="tree" parent="Path3D/Trees/@Node3D@134518" instance=ExtResource("4_6tntm")]

[node name="@Node3D@134519" type="Node3D" parent="Path3D/Trees"]
transform = Transform3D(-0.43733, 0, 0.899301, 0, 1, 0, -0.899301, 0, -0.43733, 249.952, 0, 293.028)

[node name="tree" parent="Path3D/Trees/@Node3D@134519" instance=ExtResource("4_6tntm")]

[node name="@Node3D@134520" type="Node3D" parent="Path3D/Trees"]
transform = Transform3D(-0.155477, 0, -0.987839, 0, 1, 0, 0.987839, 0, -0.155477, 262.587, 0, 288.752)

[node name="tree" parent="Path3D/Trees/@Node3D@134520" instance=ExtResource("4_6tntm")]

[node name="@Node3D@134521" type="Node3D" parent="Path3D/Trees"]
transform = Transform3D(0.0617235, 0, -0.998093, 0, 1, 0, 0.998093, 0, 0.0617235, 232.723, 0, 219.868)

[node name="tree" parent="Path3D/Trees/@Node3D@134521" instance=ExtResource("4_6tntm")]

[node name="@Node3D@134522" type="Node3D" parent="Path3D/Trees"]
transform = Transform3D(0.564686, 0, 0.825306, 0, 1, 0, -0.825306, 0, 0.564686, 292.121, 0, 275.141)

[node name="tree" parent="Path3D/Trees/@Node3D@134522" instance=ExtResource("4_6tntm")]

[node name="@Node3D@134523" type="Node3D" parent="Path3D/Trees"]
transform = Transform3D(0.70499, 0, 0.709217, 0, 1, 0, -0.709217, 0, 0.70499, 293.292, 0, 264.475)

[node name="tree" parent="Path3D/Trees/@Node3D@134523" instance=ExtResource("4_6tntm")]

[node name="@Node3D@134524" type="Node3D" parent="Path3D/Trees"]
transform = Transform3D(0.758859, 0, 0.651255, 0, 1, 0, -0.651255, 0, 0.758859, 236.912, 0, 224.098)

[node name="tree" parent="Path3D/Trees/@Node3D@134524" instance=ExtResource("4_6tntm")]

[node name="@Node3D@134525" type="Node3D" parent="Path3D/Trees"]
transform = Transform3D(-0.966121, 0, -0.258089, 0, 1, 0, 0.258089, 0, -0.966121, 298.552, 0, 257.036)

[node name="tree" parent="Path3D/Trees/@Node3D@134525" instance=ExtResource("4_6tntm")]

[node name="@Node3D@134526" type="Node3D" parent="Path3D/Trees"]
transform = Transform3D(-0.835307, 0, 0.549784, 0, 1, 0, -0.549784, 0, -0.835307, 235.989, 0, 220.386)

[node name="tree" parent="Path3D/Trees/@Node3D@134526" instance=ExtResource("4_6tntm")]

[node name="@Node3D@134527" type="Node3D" parent="Path3D/Trees"]
transform = Transform3D(-0.652397, 0, 0.757878, 0, 1, 0, -0.757878, 0, -0.652397, 239.97, 0, 220.689)

[node name="tree" parent="Path3D/Trees/@Node3D@134527" instance=ExtResource("4_6tntm")]

[node name="@Node3D@134528" type="Node3D" parent="Path3D/Trees"]
transform = Transform3D(-0.644878, 0, -0.764286, 0, 1, 0, 0.764286, 0, -0.644878, 303.903, 0, 251.386)

[node name="tree" parent="Path3D/Trees/@Node3D@134528" instance=ExtResource("4_6tntm")]

[node name="@Node3D@134529" type="Node3D" parent="Path3D/Trees"]
transform = Transform3D(0.823387, 0, 0.567481, 0, 1, 0, -0.567481, 0, 0.823387, 236.211, 0, 214.288)

[node name="tree" parent="Path3D/Trees/@Node3D@134529" instance=ExtResource("4_6tntm")]

[node name="@Node3D@134530" type="Node3D" parent="Path3D/Trees"]
transform = Transform3D(-0.161799, 0, -0.986824, 0, 1, 0, 0.986824, 0, -0.161799, 307.014, 0, 248.327)

[node name="tree" parent="Path3D/Trees/@Node3D@134530" instance=ExtResource("4_6tntm")]

[node name="@Node3D@134531" type="Node3D" parent="Path3D/Trees"]
transform = Transform3D(0.448181, 0, 0.893943, 0, 1, 0, -0.893943, 0, 0.448181, 306.444, 0, 246.099)

[node name="tree" parent="Path3D/Trees/@Node3D@134531" instance=ExtResource("4_6tntm")]

[node name="@Node3D@134532" type="Node3D" parent="Path3D/Trees"]
transform = Transform3D(-0.898789, 0, -0.438382, 0, 1, 0, 0.438382, 0, -0.898789, 239.878, 0, 208.205)

[node name="tree" parent="Path3D/Trees/@Node3D@134532" instance=ExtResource("4_6tntm")]

[node name="@Node3D@134533" type="Node3D" parent="Path3D/Trees"]
transform = Transform3D(-0.0886751, 0, 0.996061, 0, 1, 0, -0.996061, 0, -0.0886751, 306.948, 0, 242.652)

[node name="tree" parent="Path3D/Trees/@Node3D@134533" instance=ExtResource("4_6tntm")]

[node name="@Node3D@134534" type="Node3D" parent="Path3D/Trees"]
transform = Transform3D(0.995512, 0, 0.0946359, 0, 1, 0, -0.0946359, 0, 0.995512, 247.472, 0, 206.418)

[node name="tree" parent="Path3D/Trees/@Node3D@134534" instance=ExtResource("4_6tntm")]

[node name="@Node3D@134535" type="Node3D" parent="Path3D/Trees"]
transform = Transform3D(0.98361, 0, -0.180311, 0, 1, 0, 0.180311, 0, 0.98361, 248.448, 0, 203.699)

[node name="tree" parent="Path3D/Trees/@Node3D@134535" instance=ExtResource("4_6tntm")]

[node name="@Node3D@134536" type="Node3D" parent="Path3D/Trees"]
transform = Transform3D(-0.967495, 0, 0.252888, 0, 1, 0, -0.252888, 0, -0.967495, 315.723, 0, 243.969)

[node name="tree" parent="Path3D/Trees/@Node3D@134536" instance=ExtResource("4_6tntm")]

[node name="@Node3D@134537" type="Node3D" parent="Path3D/Trees"]
transform = Transform3D(-0.307019, 0, 0.951703, 0, 1, 0, -0.951703, 0, -0.307019, 245.756, 0, 194.58)

[node name="tree" parent="Path3D/Trees/@Node3D@134537" instance=ExtResource("4_6tntm")]

[node name="@Node3D@134538" type="Node3D" parent="Path3D/Trees"]
transform = Transform3D(-0.989148, 0, -0.146925, 0, 1, 0, 0.146925, 0, -0.989148, 251.423, 0, 194.801)

[node name="tree" parent="Path3D/Trees/@Node3D@134538" instance=ExtResource("4_6tntm")]

[node name="@Node3D@134539" type="Node3D" parent="Path3D/Trees"]
transform = Transform3D(-0.935844, 0, 0.352413, 0, 1, 0, -0.352413, 0, -0.935844, 315.551, 0, 241.919)

[node name="tree" parent="Path3D/Trees/@Node3D@134539" instance=ExtResource("4_6tntm")]

[node name="@Node3D@134540" type="Node3D" parent="Path3D/Trees"]
transform = Transform3D(-0.953874, 0, 0.300208, 0, 1, 0, -0.300208, 0, -0.953874, 311.805, 0, 238.458)

[node name="tree" parent="Path3D/Trees/@Node3D@134540" instance=ExtResource("4_6tntm")]

[node name="@Node3D@134541" type="Node3D" parent="Path3D/Trees"]
transform = Transform3D(0.979418, 0, 0.201842, 0, 1, 0, -0.201842, 0, 0.979418, 259.493, 0, 188.432)

[node name="tree" parent="Path3D/Trees/@Node3D@134541" instance=ExtResource("4_6tntm")]

[node name="@Node3D@134542" type="Node3D" parent="Path3D/Trees"]
transform = Transform3D(-0.418863, 0, 0.908049, 0, 1, 0, -0.908049, 0, -0.418863, 314.247, 0, 240.769)

[node name="tree" parent="Path3D/Trees/@Node3D@134542" instance=ExtResource("4_6tntm")]

[node name="@Node3D@134543" type="Node3D" parent="Path3D/Trees"]
transform = Transform3D(-0.806128, 0, 0.591742, 0, 1, 0, -0.591742, 0, -0.806128, 261.127, 0, 179.782)

[node name="tree" parent="Path3D/Trees/@Node3D@134543" instance=ExtResource("4_6tntm")]

[node name="@Node3D@134544" type="Node3D" parent="Path3D/Trees"]
transform = Transform3D(-0.262499, 0, -0.964932, 0, 1, 0, 0.964932, 0, -0.262499, 312.599, 0, 239.947)

[node name="tree" parent="Path3D/Trees/@Node3D@134544" instance=ExtResource("4_6tntm")]

[node name="@Node3D@134545" type="Node3D" parent="Path3D/Trees"]
transform = Transform3D(-0.87132, 0, -0.490716, 0, 1, 0, 0.490716, 0, -0.87132, 267.877, 0, 175.927)

[node name="tree" parent="Path3D/Trees/@Node3D@134545" instance=ExtResource("4_6tntm")]

[node name="@Node3D@134546" type="Node3D" parent="Path3D/Trees"]
transform = Transform3D(-0.220272, 0, -0.975438, 0, 1, 0, 0.975438, 0, -0.220272, 272.987, 0, 176.524)

[node name="tree" parent="Path3D/Trees/@Node3D@134546" instance=ExtResource("4_6tntm")]

[node name="@Node3D@134547" type="Node3D" parent="Path3D/Trees"]
transform = Transform3D(-0.997527, 0, -0.0702903, 0, 1, 0, 0.0702903, 0, -0.997527, 273.691, 0, 169.196)

[node name="tree" parent="Path3D/Trees/@Node3D@134547" instance=ExtResource("4_6tntm")]

[node name="@Node3D@134548" type="Node3D" parent="Path3D/Trees"]
transform = Transform3D(0.699799, 0, -0.714339, 0, 1, 0, 0.714339, 0, 0.699799, 308.032, 0, 237.29)

[node name="tree" parent="Path3D/Trees/@Node3D@134548" instance=ExtResource("4_6tntm")]

[node name="@Node3D@134549" type="Node3D" parent="Path3D/Trees"]
transform = Transform3D(0.992107, 0, 0.125394, 0, 1, 0, -0.125394, 0, 0.992107, 309.767, 0, 244.378)

[node name="tree" parent="Path3D/Trees/@Node3D@134549" instance=ExtResource("4_6tntm")]

[node name="@Node3D@134550" type="Node3D" parent="Path3D/Trees"]
transform = Transform3D(-0.608415, 0, 0.793619, 0, 1, 0, -0.793619, 0, -0.608415, 308.532, 0, 244.301)

[node name="tree" parent="Path3D/Trees/@Node3D@134550" instance=ExtResource("4_6tntm")]

[node name="@Node3D@134551" type="Node3D" parent="Path3D/Trees"]
transform = Transform3D(-0.583947, 0, 0.811792, 0, 1, 0, -0.811792, 0, -0.583947, 307.137, 0, 242.472)

[node name="tree" parent="Path3D/Trees/@Node3D@134551" instance=ExtResource("4_6tntm")]

[node name="@Node3D@134552" type="Node3D" parent="Path3D/Trees"]
transform = Transform3D(0.164847, 0, -0.986319, 0, 1, 0, 0.986319, 0, 0.164847, 306.324, 0, 242.761)

[node name="tree" parent="Path3D/Trees/@Node3D@134552" instance=ExtResource("4_6tntm")]

[node name="@Node3D@134553" type="Node3D" parent="Path3D/Trees"]
transform = Transform3D(-0.833194, 0, 0.552981, 0, 1, 0, -0.552981, 0, -0.833194, 296.645, 0, 164.799)

[node name="tree" parent="Path3D/Trees/@Node3D@134553" instance=ExtResource("4_6tntm")]

[node name="@Node3D@134554" type="Node3D" parent="Path3D/Trees"]
transform = Transform3D(-0.999583, 0, 0.028885, 0, 1, 0, -0.028885, 0, -0.999583, 300.2, 0, 165.908)

[node name="tree" parent="Path3D/Trees/@Node3D@134554" instance=ExtResource("4_6tntm")]

[node name="@Node3D@134555" type="Node3D" parent="Path3D/Trees"]
transform = Transform3D(-0.247328, 0, -0.968932, 0, 1, 0, 0.968932, 0, -0.247328, 305.097, 0, 245.859)

[node name="tree" parent="Path3D/Trees/@Node3D@134555" instance=ExtResource("4_6tntm")]

[node name="@Node3D@134556" type="Node3D" parent="Path3D/Trees"]
transform = Transform3D(-0.996809, 0, 0.0798226, 0, 1, 0, -0.0798226, 0, -0.996809, 304.941, 0, 242.516)

[node name="tree" parent="Path3D/Trees/@Node3D@134556" instance=ExtResource("4_6tntm")]

[node name="@Node3D@134557" type="Node3D" parent="Path3D/Trees"]
transform = Transform3D(0.0465175, 0, 0.998917, 0, 1, 0, -0.998917, 0, 0.0465175, 309.587, 0, 164.68)

[node name="tree" parent="Path3D/Trees/@Node3D@134557" instance=ExtResource("4_6tntm")]

[node name="@Node3D@134558" type="Node3D" parent="Path3D/Trees"]
transform = Transform3D(0.0780289, 0, -0.996951, 0, 1, 0, 0.996951, 0, 0.0780289, 312.17, 0, 168.975)

[node name="tree" parent="Path3D/Trees/@Node3D@134558" instance=ExtResource("4_6tntm")]

[node name="@Node3D@134559" type="Node3D" parent="Path3D/Trees"]
transform = Transform3D(-0.511782, 0, 0.859116, 0, 1, 0, -0.859116, 0, -0.511782, 315.286, 0, 164.586)

[node name="tree" parent="Path3D/Trees/@Node3D@134559" instance=ExtResource("4_6tntm")]

[node name="@Node3D@134560" type="Node3D" parent="Path3D/Trees"]
transform = Transform3D(-0.492052, 0, -0.870566, 0, 1, 0, 0.870566, 0, -0.492052, 307.836, 0, 237.508)

[node name="tree" parent="Path3D/Trees/@Node3D@134560" instance=ExtResource("4_6tntm")]

[node name="@Node3D@134561" type="Node3D" parent="Path3D/Trees"]
transform = Transform3D(0.299192, 0, -0.954193, 0, 1, 0, 0.954193, 0, 0.299192, 308.863, 0, 238.921)

[node name="tree" parent="Path3D/Trees/@Node3D@134561" instance=ExtResource("4_6tntm")]

[node name="@Node3D@134562" type="Node3D" parent="Path3D/Trees"]
transform = Transform3D(-0.736681, 0, 0.676241, 0, 1, 0, -0.676241, 0, -0.736681, 310.535, 0, 237.775)

[node name="tree" parent="Path3D/Trees/@Node3D@134562" instance=ExtResource("4_6tntm")]

[node name="@Node3D@134563" type="Node3D" parent="Path3D/Trees"]
transform = Transform3D(-0.480324, 0, 0.877091, 0, 1, 0, -0.877091, 0, -0.480324, 325.435, 0, 164.392)

[node name="tree" parent="Path3D/Trees/@Node3D@134563" instance=ExtResource("4_6tntm")]

[node name="@Node3D@134564" type="Node3D" parent="Path3D/Trees"]
transform = Transform3D(0.990062, 0, -0.140632, 0, 1, 0, 0.140632, 0, 0.990062, 326.822, 0, 168.739)

[node name="tree" parent="Path3D/Trees/@Node3D@134564" instance=ExtResource("4_6tntm")]

[node name="@Node3D@134565" type="Node3D" parent="Path3D/Trees"]
transform = Transform3D(0.630117, 0, 0.7765, 0, 1, 0, -0.7765, 0, 0.630117, 328.368, 0, 171.301)

[node name="tree" parent="Path3D/Trees/@Node3D@134565" instance=ExtResource("4_6tntm")]

[node name="@Node3D@134566" type="Node3D" parent="Path3D/Trees"]
transform = Transform3D(-0.995983, 0, 0.089544, 0, 1, 0, -0.089544, 0, -0.995983, 331.404, 0, 163.901)

[node name="tree" parent="Path3D/Trees/@Node3D@134566" instance=ExtResource("4_6tntm")]

[node name="@Node3D@134567" type="Node3D" parent="Path3D/Trees"]
transform = Transform3D(-0.990103, 0, -0.140344, 0, 1, 0, 0.140344, 0, -0.990103, 319.402, 0, 248.691)

[node name="tree" parent="Path3D/Trees/@Node3D@134567" instance=ExtResource("4_6tntm")]

[node name="@Node3D@134568" type="Node3D" parent="Path3D/Trees"]
transform = Transform3D(0.588599, 0, 0.808425, 0, 1, 0, -0.808425, 0, 0.588599, 334.133, 0, 164.672)

[node name="tree" parent="Path3D/Trees/@Node3D@134568" instance=ExtResource("4_6tntm")]

[node name="@Node3D@134569" type="Node3D" parent="Path3D/Trees"]
transform = Transform3D(-0.35825, 0, -0.933626, 0, 1, 0, 0.933626, 0, -0.35825, 334.783, 0, 167.251)

[node name="tree" parent="Path3D/Trees/@Node3D@134569" instance=ExtResource("4_6tntm")]

[node name="@Node3D@134570" type="Node3D" parent="Path3D/Trees"]
transform = Transform3D(-0.653934, 0, 0.756552, 0, 1, 0, -0.756552, 0, -0.653934, 335.047, 0, 169.439)

[node name="tree" parent="Path3D/Trees/@Node3D@134570" instance=ExtResource("4_6tntm")]

[node name="@Node3D@134571" type="Node3D" parent="Path3D/Trees"]
transform = Transform3D(0.817214, 0, -0.576335, 0, 1, 0, 0.576335, 0, 0.817214, 335.202, 0, 168.294)

[node name="tree" parent="Path3D/Trees/@Node3D@134571" instance=ExtResource("4_6tntm")]

[node name="@Node3D@134572" type="Node3D" parent="Path3D/Trees"]
transform = Transform3D(0.684146, 0, -0.729346, 0, 1, 0, 0.729346, 0, 0.684146, 356.268, 0, 238.97)

[node name="tree" parent="Path3D/Trees/@Node3D@134572" instance=ExtResource("4_6tntm")]

[node name="@Node3D@134573" type="Node3D" parent="Path3D/Trees"]
transform = Transform3D(0.921967, 0, -0.387268, 0, 1, 0, 0.387268, 0, 0.921967, 371.228, 0, 232.836)

[node name="tree" parent="Path3D/Trees/@Node3D@134573" instance=ExtResource("4_6tntm")]

[node name="@Node3D@134574" type="Node3D" parent="Path3D/Trees"]
transform = Transform3D(0.597412, 0, 0.801934, 0, 1, 0, -0.801934, 0, 0.597412, 386.696, 0, 230.754)

[node name="tree" parent="Path3D/Trees/@Node3D@134574" instance=ExtResource("4_6tntm")]

[node name="@Node3D@134575" type="Node3D" parent="Path3D/Trees"]
transform = Transform3D(-0.582314, 0, 0.812964, 0, 1, 0, -0.812964, 0, -0.582314, 384.306, 0, 220.139)

[node name="tree" parent="Path3D/Trees/@Node3D@134575" instance=ExtResource("4_6tntm")]

[node name="@Node3D@134576" type="Node3D" parent="Path3D/Trees"]
transform = Transform3D(-0.995231, 0, 0.0975438, 0, 1, 0, -0.0975438, 0, -0.995231, 391.516, 0, 220)

[node name="tree" parent="Path3D/Trees/@Node3D@134576" instance=ExtResource("4_6tntm")]

[node name="@Node3D@134577" type="Node3D" parent="Path3D/Trees"]
transform = Transform3D(0.187644, 0, -0.982237, 0, 1, 0, 0.982237, 0, 0.187644, 390.73, 0, 214.51)

[node name="tree" parent="Path3D/Trees/@Node3D@134577" instance=ExtResource("4_6tntm")]

[node name="@Node3D@134578" type="Node3D" parent="Path3D/Trees"]
transform = Transform3D(-0.927583, 0, 0.373618, 0, 1, 0, -0.373618, 0, -0.927583, 394.376, 0, 214.222)

[node name="tree" parent="Path3D/Trees/@Node3D@134578" instance=ExtResource("4_6tntm")]

[node name="@Node3D@134579" type="Node3D" parent="Path3D/Trees"]
transform = Transform3D(0.396081, 0, 0.918216, 0, 1, 0, -0.918216, 0, 0.396081, 399.666, 0, 215.064)

[node name="tree" parent="Path3D/Trees/@Node3D@134579" instance=ExtResource("4_6tntm")]

[node name="@Node3D@134580" type="Node3D" parent="Path3D/Trees"]
transform = Transform3D(0.29872, 0, -0.954341, 0, 1, 0, 0.954341, 0, 0.29872, 394.006, 0, 207.647)

[node name="tree" parent="Path3D/Trees/@Node3D@134580" instance=ExtResource("4_6tntm")]

[node name="@Node3D@134581" type="Node3D" parent="Path3D/Trees"]
transform = Transform3D(0.760582, 0, -0.649242, 0, 1, 0, 0.649242, 0, 0.760582, 395.386, 0, 205.632)

[node name="tree" parent="Path3D/Trees/@Node3D@134581" instance=ExtResource("4_6tntm")]

[node name="@Node3D@134582" type="Node3D" parent="Path3D/Trees"]
transform = Transform3D(0.605651, 0, 0.79573, 0, 1, 0, -0.79573, 0, 0.605651, 340.538, 0, 163.035)

[node name="tree" parent="Path3D/Trees/@Node3D@134582" instance=ExtResource("4_6tntm")]

[node name="@Node3D@134583" type="Node3D" parent="Path3D/Trees"]
transform = Transform3D(0.17994, 0, -0.983678, 0, 1, 0, 0.983678, 0, 0.17994, 402.154, 0, 203.87)

[node name="tree" parent="Path3D/Trees/@Node3D@134583" instance=ExtResource("4_6tntm")]

[node name="@Node3D@134584" type="Node3D" parent="Path3D/Trees"]
transform = Transform3D(-0.851085, 0, -0.525028, 0, 1, 0, 0.525028, 0, -0.851085, 405.061, 0, 202.666)

[node name="tree" parent="Path3D/Trees/@Node3D@134584" instance=ExtResource("4_6tntm")]

[node name="@Node3D@134585" type="Node3D" parent="Path3D/Trees"]
transform = Transform3D(0.400998, 0, -0.916079, 0, 1, 0, 0.916079, 0, 0.400998, 408.601, 0, 201.61)

[node name="tree" parent="Path3D/Trees/@Node3D@134585" instance=ExtResource("4_6tntm")]

[node name="@Node3D@134586" type="Node3D" parent="Path3D/Trees"]
transform = Transform3D(0.964626, 0, 0.263621, 0, 1, 0, -0.263621, 0, 0.964626, 344.817, 0, 154.409)

[node name="tree" parent="Path3D/Trees/@Node3D@134586" instance=ExtResource("4_6tntm")]

