[gd_scene load_steps=25 format=3 uid="uid://bnh1faqhxryat"]

[ext_resource type="Texture2D" uid="uid://cd2vrrflcyrsu" path="res://Game9/Game/Scenery/Ground/ground.png" id="1_3u0ur"]
[ext_resource type="Script" path="res://Game9/Game/Tracks/track.gd" id="1_5057s"]
[ext_resource type="Texture2D" uid="uid://cpcj30iwproh8" path="res://Game9/Game/Scenery/Track/start_finish_line.png" id="2_f7ae0"]
[ext_resource type="Script" path="res://Game9/Game/Tracks/track_tools.gd" id="3_i1tfd"]
[ext_resource type="PackedScene" uid="uid://s6e63r0aowht" path="res://Game9/Game/Scenery/Tree/tree.tscn" id="4_44lqo"]
[ext_resource type="Texture2D" uid="uid://dxl4k7vk2upgg" path="res://Game9/Game/Scenery/Track/edging.png" id="4_vhp4l"]
[ext_resource type="Texture2D" uid="uid://dq3t8p3t3ylrs" path="res://Game9/Game/Scenery/Wall/concrete_wall.jpg" id="5_oxkox"]
[ext_resource type="PackedScene" uid="uid://bt6rfhmm38ahi" path="res://Game9/Game/Scenery/GroundBase/ground_base.tscn" id="6_7kpyw"]
[ext_resource type="Texture2D" uid="uid://k1j5g11njrrl" path="res://Game9/Game/Scenery/Track/road.jpg" id="6_xf01y"]

[sub_resource type="StandardMaterial3D" id="StandardMaterial3D_1d15q"]
albedo_color = Color(0.422371, 0.422371, 0.422371, 1)
albedo_texture = ExtResource("1_3u0ur")
uv1_scale = Vector3(100, 100, 100)
texture_filter = 4

[sub_resource type="PlaneMesh" id="PlaneMesh_qgbdo"]
material = SubResource("StandardMaterial3D_1d15q")
size = Vector2(1000, 1000)

[sub_resource type="BoxShape3D" id="BoxShape3D_4eql5"]
size = Vector3(1000, 1, 1000)

[sub_resource type="Curve3D" id="Curve3D_3smb2"]
_data = {
"points": PackedVector3Array(-63.3694, 0, 6.09277, 63.3694, 0, -6.09277, 169.882, 0, -123.789, -66.8524, 0, 3.99352, 66.8524, 0, -3.99352, 361.82, 0, -130.938, -37.1461, 0, 45.2599, 37.1461, 0, -45.2599, 565.423, 1, -183.635, 13.6898, 0, 34.5078, -13.6898, 0, -34.5078, 577.399, 2, -316.975, 44.2015, 0, 7.99652, -44.2015, 0, -7.99652, 471.207, 4, -391.23, 35.4789, 0, -42.7297, -35.4789, 0, 42.7297, 338.665, 6, -351.308, -0.59082, 0, -39.5846, 0.59082, 0, 39.5846, 305.746, 8, -186.09, -5.87628, 0, -24.2882, 5.87628, 0, 24.2882, 315.051, 8, -82.707, -36.5217, 0, -18.2897, 36.5217, 0, 18.2897, 362.618, 6, 6.394, -38.7036, 0, -19.3384, 38.7036, 0, 19.3384, 498.354, 4, 29.549, -6.6123, 0, -34.4228, 6.6123, 0, 34.4228, 561.431, 2, 113.385, 48.7448, 0, -25.6407, -48.7448, 0, 25.6407, 549.454, 1, 255.508, 67.7006, 0, -4.90765, -67.7006, 0, 4.90765, 408.13, 0, 295.43, 64.941, 0, 15.8226, -64.941, 0, -15.8226, 167.799, 0, 298.623, 36.4704, 0, 51.4916, -36.4704, 0, -51.4916, 11.3041, 0, 218.779, -2.27768, 0, 37.9189, 2.27768, 0, -37.9189, -4.22914, 0, 48.8905, -15.952, 0, 25.0111, 15.952, 0, -25.0111, 15.0461, 0, -55.0252, -44.406, 0, 14.352, 44.406, 0, -14.352, 83.4617, 0, -105.799, -55.8336, 0, 7.5835, 55.8336, 0, -7.5835, 169.882, 0, -123.789),
"tilts": PackedFloat32Array(0, 0, 0, 0, 0, 0, 0, 0, 0, 0, 0, 0, 0, 0, 0, 0, 0, 0, 0)
}
point_count = 19

[sub_resource type="StandardMaterial3D" id="StandardMaterial3D_uiqiv"]
albedo_texture = ExtResource("6_xf01y")
uv1_scale = Vector3(0.05, 15, 1)
texture_filter = 5

[sub_resource type="StandardMaterial3D" id="StandardMaterial3D_vdv7j"]
albedo_texture = ExtResource("4_vhp4l")
uv1_scale = Vector3(0.1, 0.1, 0.1)

[sub_resource type="StandardMaterial3D" id="StandardMaterial3D_23sk8"]
albedo_texture = ExtResource("4_vhp4l")
uv1_scale = Vector3(0.1, 0.1, 0.1)

[sub_resource type="StandardMaterial3D" id="StandardMaterial3D_fvwpk"]
albedo_color = Color(0.422371, 0.422371, 0.422371, 1)
albedo_texture = ExtResource("1_3u0ur")
uv1_scale = Vector3(0.05, 15, 0.05)
uv1_triplanar = true
texture_filter = 4

[sub_resource type="StandardMaterial3D" id="StandardMaterial3D_tpav3"]
albedo_color = Color(0.422371, 0.422371, 0.422371, 1)
albedo_texture = ExtResource("1_3u0ur")
uv1_scale = Vector3(0.05, 15, 0.05)
uv1_triplanar = true
texture_filter = 4

[sub_resource type="StandardMaterial3D" id="StandardMaterial3D_2g1my"]
albedo_texture = ExtResource("5_oxkox")
uv1_scale = Vector3(0.5, 0.5, 0.5)
uv1_triplanar = true
texture_filter = 4

[sub_resource type="StandardMaterial3D" id="StandardMaterial3D_o81bp"]
transparency = 1
albedo_texture = ExtResource("2_f7ae0")
texture_filter = 4

[sub_resource type="PlaneMesh" id="PlaneMesh_nr77b"]
material = SubResource("StandardMaterial3D_o81bp")
size = Vector2(3, 19)

[sub_resource type="BoxShape3D" id="BoxShape3D_wc4md"]
size = Vector3(3, 10, 100)

[sub_resource type="BoxShape3D" id="BoxShape3D_tdwxi"]
size = Vector3(3, 10, 100)

[sub_resource type="Curve3D" id="Curve3D_bsrso"]
_data = {
"points": PackedVector3Array(-5.99774, -5.87402, 44.5285, 5.998, 0, -44.528, -217.042, 0, 5.01042, -17.2003, 0, 10.2158, 17.2003, 0, -10.2158, -176.575, 0, -62.6039, -38.5238, 0, 6.84009, 38.5238, 0, -6.84009, -91.6455, 0, -93.912, -27.807, 0, 0.747055, 27.807, 0, -0.747055, 10.4343, 0, -101.473, -49.7327, 0, 10.9936, 49.7327, 0, -10.9936, 192.157, 0, -118.855, -41.4981, 0, 29.0038, 41.4981, 0, -29.0038, 325.958, 0, -165.158, 0.256805, 0, 43.3584, -0.256805, 0, -43.3584, 370.381, 0, -262.827, 29.2114, 0, 26.5903, -29.2114, 0, -26.5903, 326.519, 0, -360.519, 45.7354, 0, 6.85178, -45.7354, 0, -6.85178, 235.466, 0, -400.532, 30.972, 0, -16.6078, -30.972, 0, 16.6078, 128.661, 0, -385.409, 8.42203, 0, -34.1414, -8.42203, 0, 34.1414, 56.3803, 0, -283.888, -6.87276, 0, -52.4374, 6.87276, 0, 52.4374, 53.2297, 0, -173.301, -27.8549, 0, -45.9718, 27.8549, 0, 45.9718, 90.3128, 0, -36.3828, -44.1227, 0, -11.5183, 44.1227, 0, 11.5183, 169.393, 0, 22.2185, -37.1205, 0, -34.1223, 37.1205, 0, 34.1223, 280.61, 0, 65.0668, -7.90952, 0, -42.8905, 7.90952, 0, 42.8905, 320.05, 0, 141.572, 20.5484, 0, -26.7932, -20.5484, 0, 26.7932, 316.584, 0, 228.213, 34.1839, 0, -4.98364, -34.1839, 0, 4.98364, 179.533, 0, 276.418, 39.687, 0, 3.141, -39.687, 0, -3.141, 19.2609, 0, 284.868, 40.565, 0, 16.659, -40.565, 0, -16.659, -122.832, 0, 254.307, 15.864, 0, 31.6469, -15.864, 0, -31.6469, -201.907, 0, 191.237, 0.371231, 0, 31.1498, -0.371231, 0, -31.1498, -220.81, 0, 85.6916, 0, 0, 0, 0, 0, 0, -217.042, 0, 5.01042),
"tilts": PackedFloat32Array(0, 0, 0, 0, 0, 0, 0, 0, 0, 0, 0, 0, 0, 0, 0, 0, 0, 0, 0, 0, 0, 0, 0)
}
point_count = 23

[node name="Track2" type="Node3D"]
script = ExtResource("1_5057s")

[node name="Floor" type="StaticBody3D" parent="." groups=["Floor"]]
transform = Transform3D(1, 0, 0, 0, 1, 0, 0, 0, 1, 0, -0.1, 0)

[node name="MeshInstance3D" type="MeshInstance3D" parent="Floor"]
mesh = SubResource("PlaneMesh_qgbdo")

[node name="CollisionShape3D" type="CollisionShape3D" parent="Floor"]
transform = Transform3D(1, 0, 0, 0, 1, 0, 0, 0, 1, 0, -0.5, 0)
shape = SubResource("BoxShape3D_4eql5")

[node name="Path3D" type="Path3D" parent="."]
transform = Transform3D(1, 0, 0, 0, 1, 0, 0, 0, 1, -227.747, 0, 0)
curve = SubResource("Curve3D_3smb2")
script = ExtResource("3_i1tfd")
tree_count = 1000
base_count = 1000

[node name="Trees" type="Node3D" parent="Path3D"]

[node name="@Node3D@72978" type="Node3D" parent="Path3D/Trees"]
transform = Transform3D(0.620965, 0, 0.783839, 0, 1, 0, -0.783839, 0, 0.620965, 174.901, 0, -70.3106)

[node name="tree" parent="Path3D/Trees/@Node3D@72978" instance=ExtResource("4_44lqo")]

[node name="@Node3D@72979" type="Node3D" parent="Path3D/Trees"]
transform = Transform3D(-0.782607, 0, -0.622516, 0, 1, 0, 0.622516, 0, -0.782607, 178.152, 0, -66.8197)

[node name="tree" parent="Path3D/Trees/@Node3D@72979" instance=ExtResource("4_44lqo")]

[node name="@Node3D@72980" type="Node3D" parent="Path3D/Trees"]
transform = Transform3D(0.292609, 0, 0.956232, 0, 1, 0, -0.956232, 0, 0.292609, 174.167, 0, -148.174)

[node name="tree" parent="Path3D/Trees/@Node3D@72980" instance=ExtResource("4_44lqo")]

[node name="@Node3D@72981" type="Node3D" parent="Path3D/Trees"]
transform = Transform3D(0.997532, 0, 0.0702124, 0, 1, 0, -0.0702124, 0, 0.997532, 177.732, 0, -144.557)

[node name="tree" parent="Path3D/Trees/@Node3D@72981" instance=ExtResource("4_44lqo")]

[node name="@Node3D@72982" type="Node3D" parent="Path3D/Trees"]
transform = Transform3D(0.596269, 0, -0.802784, 0, 1, 0, 0.802784, 0, 0.596269, 186.557, 0, -71.6926)

[node name="tree" parent="Path3D/Trees/@Node3D@72982" instance=ExtResource("4_44lqo")]

[node name="@Node3D@72983" type="Node3D" parent="Path3D/Trees"]
transform = Transform3D(-0.68161, 0, 0.731715, 0, 1, 0, -0.731715, 0, -0.68161, 184.365, 0, -142.608)

[node name="tree" parent="Path3D/Trees/@Node3D@72983" instance=ExtResource("4_44lqo")]

[node name="@Node3D@72984" type="Node3D" parent="Path3D/Trees"]
transform = Transform3D(0.557689, 0, 0.83005, 0, 1, 0, -0.83005, 0, 0.557689, 192.597, 0, -69.683)

[node name="tree" parent="Path3D/Trees/@Node3D@72984" instance=ExtResource("4_44lqo")]

[node name="@Node3D@72985" type="Node3D" parent="Path3D/Trees"]
transform = Transform3D(-0.28648, 0, -0.958086, 0, 1, 0, 0.958086, 0, -0.28648, 195.595, 0, -68.818)

[node name="tree" parent="Path3D/Trees/@Node3D@72985" instance=ExtResource("4_44lqo")]

[node name="@Node3D@72986" type="Node3D" parent="Path3D/Trees"]
transform = Transform3D(-0.323982, 0, 0.946063, 0, 1, 0, -0.946063, 0, -0.323982, 193.97, 0, -146.658)

[node name="tree" parent="Path3D/Trees/@Node3D@72986" instance=ExtResource("4_44lqo")]

[node name="@Node3D@72987" type="Node3D" parent="Path3D/Trees"]
transform = Transform3D(0.246541, 0, 0.969132, 0, 1, 0, -0.969132, 0, 0.246541, 197.021, 0, -149.637)

[node name="tree" parent="Path3D/Trees/@Node3D@72987" instance=ExtResource("4_44lqo")]

[node name="@Node3D@72988" type="Node3D" parent="Path3D/Trees"]
transform = Transform3D(-0.743467, 0, 0.668772, 0, 1, 0, -0.668772, 0, -0.743467, 200.389, 0, -147.049)

[node name="tree" parent="Path3D/Trees/@Node3D@72988" instance=ExtResource("4_44lqo")]

[node name="@Node3D@72989" type="Node3D" parent="Path3D/Trees"]
transform = Transform3D(-0.28907, 0, -0.957308, 0, 1, 0, 0.957308, 0, -0.28907, 207.483, 0, -71.0124)

[node name="tree" parent="Path3D/Trees/@Node3D@72989" instance=ExtResource("4_44lqo")]

[node name="@Node3D@72990" type="Node3D" parent="Path3D/Trees"]
transform = Transform3D(0.559136, 0, -0.829076, 0, 1, 0, 0.829076, 0, 0.559136, 206.83, 0, -146.644)

[node name="tree" parent="Path3D/Trees/@Node3D@72990" instance=ExtResource("4_44lqo")]

[node name="@Node3D@72991" type="Node3D" parent="Path3D/Trees"]
transform = Transform3D(-0.919639, 0, -0.392766, 0, 1, 0, 0.392766, 0, -0.919639, 213.447, 0, -70.8362)

[node name="tree" parent="Path3D/Trees/@Node3D@72991" instance=ExtResource("4_44lqo")]

[node name="@Node3D@72992" type="Node3D" parent="Path3D/Trees"]
transform = Transform3D(0.0438877, 0, 0.999036, 0, 1, 0, -0.999036, 0, 0.0438877, 216.419, 0, -71.0526)

[node name="tree" parent="Path3D/Trees/@Node3D@72992" instance=ExtResource("4_44lqo")]

[node name="@Node3D@72993" type="Node3D" parent="Path3D/Trees"]
transform = Transform3D(-0.326343, 0, 0.945252, 0, 1, 0, -0.945252, 0, -0.326343, 216.699, 0, -144.432)

[node name="tree" parent="Path3D/Trees/@Node3D@72993" instance=ExtResource("4_44lqo")]

[node name="@Node3D@72994" type="Node3D" parent="Path3D/Trees"]
transform = Transform3D(0.89755, 0, -0.440912, 0, 1, 0, 0.440912, 0, 0.89755, 222.508, 0, -73.361)

[node name="tree" parent="Path3D/Trees/@Node3D@72994" instance=ExtResource("4_44lqo")]

[node name="@Node3D@72995" type="Node3D" parent="Path3D/Trees"]
transform = Transform3D(0.528749, 0, -0.848778, 0, 1, 0, 0.848778, 0, 0.528749, 225.684, 0, -68.6348)

[node name="tree" parent="Path3D/Trees/@Node3D@72995" instance=ExtResource("4_44lqo")]

[node name="@Node3D@72996" type="Node3D" parent="Path3D/Trees"]
transform = Transform3D(-0.746009, 0, -0.665936, 0, 1, 0, 0.665936, 0, -0.746009, 228.482, 0, -75.2014)

[node name="tree" parent="Path3D/Trees/@Node3D@72996" instance=ExtResource("4_44lqo")]

[node name="@Node3D@72997" type="Node3D" parent="Path3D/Trees"]
transform = Transform3D(-0.618577, 0, 0.785724, 0, 1, 0, -0.785724, 0, -0.618577, 229.401, 0, -145.101)

[node name="tree" parent="Path3D/Trees/@Node3D@72997" instance=ExtResource("4_44lqo")]

[node name="@Node3D@72998" type="Node3D" parent="Path3D/Trees"]
transform = Transform3D(-0.883096, 0, 0.469193, 0, 1, 0, -0.469193, 0, -0.883096, 232.539, 0, -146.411)

[node name="tree" parent="Path3D/Trees/@Node3D@72998" instance=ExtResource("4_44lqo")]

[node name="@Node3D@72999" type="Node3D" parent="Path3D/Trees"]
transform = Transform3D(0.782635, 0, -0.622481, 0, 1, 0, 0.622481, 0, 0.782635, 235.699, 0, -147.092)

[node name="tree" parent="Path3D/Trees/@Node3D@72999" instance=ExtResource("4_44lqo")]

[node name="@Node3D@73000" type="Node3D" parent="Path3D/Trees"]
transform = Transform3D(-0.535479, 0, -0.844549, 0, 1, 0, 0.844549, 0, -0.535479, 239.018, 0, -148.779)

[node name="tree" parent="Path3D/Trees/@Node3D@73000" instance=ExtResource("4_44lqo")]

[node name="@Node3D@73001" type="Node3D" parent="Path3D/Trees"]
transform = Transform3D(-0.994426, 0, -0.105434, 0, 1, 0, 0.105434, 0, -0.994426, 242.086, 0, -153.451)

[node name="tree" parent="Path3D/Trees/@Node3D@73001" instance=ExtResource("4_44lqo")]

[node name="@Node3D@73002" type="Node3D" parent="Path3D/Trees"]
transform = Transform3D(0.454078, 0, 0.890962, 0, 1, 0, -0.890962, 0, 0.454078, 247.039, 0, -71.9707)

[node name="tree" parent="Path3D/Trees/@Node3D@73002" instance=ExtResource("4_44lqo")]

[node name="@Node3D@73003" type="Node3D" parent="Path3D/Trees"]
transform = Transform3D(-0.91404, 0, 0.405625, 0, 1, 0, -0.405625, 0, -0.91404, 250.198, 0, -67.937)

[node name="tree" parent="Path3D/Trees/@Node3D@73003" instance=ExtResource("4_44lqo")]

[node name="@Node3D@73004" type="Node3D" parent="Path3D/Trees"]
transform = Transform3D(-0.933321, 0, -0.359044, 0, 1, 0, 0.359044, 0, -0.933321, 253.242, 0, -69.8958)

[node name="tree" parent="Path3D/Trees/@Node3D@73004" instance=ExtResource("4_44lqo")]

[node name="@Node3D@73005" type="Node3D" parent="Path3D/Trees"]
transform = Transform3D(0.731473, 0, 0.68187, 0, 1, 0, -0.68187, 0, 0.731473, 256.216, 0, -76.419)

[node name="tree" parent="Path3D/Trees/@Node3D@73005" instance=ExtResource("4_44lqo")]

[node name="@Node3D@73006" type="Node3D" parent="Path3D/Trees"]
transform = Transform3D(0.735085, 0, 0.677975, 0, 1, 0, -0.677975, 0, 0.735085, 258.1, 0, -146.242)

[node name="tree" parent="Path3D/Trees/@Node3D@73006" instance=ExtResource("4_44lqo")]

[node name="@Node3D@73007" type="Node3D" parent="Path3D/Trees"]
transform = Transform3D(-0.87184, 0, -0.489791, 0, 1, 0, 0.489791, 0, -0.87184, 261.376, 0, -150.896)

[node name="tree" parent="Path3D/Trees/@Node3D@73007" instance=ExtResource("4_44lqo")]

[node name="@Node3D@73008" type="Node3D" parent="Path3D/Trees"]
transform = Transform3D(0.0286553, 0, 0.999589, 0, 1, 0, -0.999589, 0, 0.0286553, 265.858, 0, -70.4097)

[node name="tree" parent="Path3D/Trees/@Node3D@73008" instance=ExtResource("4_44lqo")]

[node name="@Node3D@73009" type="Node3D" parent="Path3D/Trees"]
transform = Transform3D(-0.403784, 0, 0.914854, 0, 1, 0, -0.914854, 0, -0.403784, 268.919, 0, -75.1722)

[node name="tree" parent="Path3D/Trees/@Node3D@73009" instance=ExtResource("4_44lqo")]

[node name="@Node3D@73010" type="Node3D" parent="Path3D/Trees"]
transform = Transform3D(0.910482, 0, -0.413548, 0, 1, 0, 0.413548, 0, 0.910482, 272.102, 0, -73.0075)

[node name="tree" parent="Path3D/Trees/@Node3D@73010" instance=ExtResource("4_44lqo")]

[node name="@Node3D@73011" type="Node3D" parent="Path3D/Trees"]
transform = Transform3D(0.397592, 0, 0.917562, 0, 1, 0, -0.917562, 0, 0.397592, 274.055, 0, -151.023)

[node name="tree" parent="Path3D/Trees/@Node3D@73011" instance=ExtResource("4_44lqo")]

[node name="@Node3D@73012" type="Node3D" parent="Path3D/Trees"]
transform = Transform3D(0.755613, 0, 0.655019, 0, 1, 0, -0.655019, 0, 0.755613, 277.287, 0, -147.025)

[node name="tree" parent="Path3D/Trees/@Node3D@73012" instance=ExtResource("4_44lqo")]

[node name="@Node3D@73013" type="Node3D" parent="Path3D/Trees"]
transform = Transform3D(0.107013, 0, 0.994258, 0, 1, 0, -0.994258, 0, 0.107013, 281.654, 0, -70.5125)

[node name="tree" parent="Path3D/Trees/@Node3D@73013" instance=ExtResource("4_44lqo")]

[node name="@Node3D@73014" type="Node3D" parent="Path3D/Trees"]
transform = Transform3D(0.712294, 0, -0.701881, 0, 1, 0, 0.701881, 0, 0.712294, 283.709, 0, -153.914)

[node name="tree" parent="Path3D/Trees/@Node3D@73014" instance=ExtResource("4_44lqo")]

[node name="@Node3D@73015" type="Node3D" parent="Path3D/Trees"]
transform = Transform3D(0.98841, 0, 0.151807, 0, 1, 0, -0.151807, 0, 0.98841, 288.135, 0, -77.1855)

[node name="tree" parent="Path3D/Trees/@Node3D@73015" instance=ExtResource("4_44lqo")]

[node name="@Node3D@73016" type="Node3D" parent="Path3D/Trees"]
transform = Transform3D(-0.994308, 0, -0.10654, 0, 1, 0, 0.10654, 0, -0.994308, 291.344, 0, -77.5255)

[node name="tree" parent="Path3D/Trees/@Node3D@73016" instance=ExtResource("4_44lqo")]

[node name="@Node3D@73017" type="Node3D" parent="Path3D/Trees"]
transform = Transform3D(-0.674252, 0, 0.738501, 0, 1, 0, -0.738501, 0, -0.674252, 293.328, 0, -148.173)

[node name="tree" parent="Path3D/Trees/@Node3D@73017" instance=ExtResource("4_44lqo")]

[node name="@Node3D@73018" type="Node3D" parent="Path3D/Trees"]
transform = Transform3D(0.553859, 0, 0.832611, 0, 1, 0, -0.832611, 0, 0.553859, 296.488, 0, -149.247)

[node name="tree" parent="Path3D/Trees/@Node3D@73018" instance=ExtResource("4_44lqo")]

[node name="@Node3D@73019" type="Node3D" parent="Path3D/Trees"]
transform = Transform3D(-0.393373, 0, 0.919379, 0, 1, 0, -0.919379, 0, -0.393373, 301.079, 0, -76.4314)

[node name="tree" parent="Path3D/Trees/@Node3D@73019" instance=ExtResource("4_44lqo")]

[node name="@Node3D@73020" type="Node3D" parent="Path3D/Trees"]
transform = Transform3D(-0.315137, 0, 0.949046, 0, 1, 0, -0.949046, 0, -0.315137, 304.35, 0, -76.1764)

[node name="tree" parent="Path3D/Trees/@Node3D@73020" instance=ExtResource("4_44lqo")]

[node name="@Node3D@73021" type="Node3D" parent="Path3D/Trees"]
transform = Transform3D(0.346126, 0, -0.938188, 0, 1, 0, 0.938188, 0, 0.346126, 306.204, 0, -150.268)

[node name="tree" parent="Path3D/Trees/@Node3D@73021" instance=ExtResource("4_44lqo")]

[node name="@Node3D@73022" type="Node3D" parent="Path3D/Trees"]
transform = Transform3D(0.559067, 0, 0.829122, 0, 1, 0, -0.829122, 0, 0.559067, 311.073, 0, -77.5502)

[node name="tree" parent="Path3D/Trees/@Node3D@73022" instance=ExtResource("4_44lqo")]

[node name="@Node3D@73023" type="Node3D" parent="Path3D/Trees"]
transform = Transform3D(-0.999998, 0, 0.00192341, 0, 1, 0, -0.00192341, 0, -0.999998, 314.547, 0, -70.4618)

[node name="tree" parent="Path3D/Trees/@Node3D@73023" instance=ExtResource("4_44lqo")]

[node name="@Node3D@73024" type="Node3D" parent="Path3D/Trees"]
transform = Transform3D(0.311726, 0, 0.950172, 0, 1, 0, -0.950172, 0, 0.311726, 317.723, 0, -76.0957)

[node name="tree" parent="Path3D/Trees/@Node3D@73024" instance=ExtResource("4_44lqo")]

[node name="@Node3D@73025" type="Node3D" parent="Path3D/Trees"]
transform = Transform3D(-0.998685, 0, -0.0512691, 0, 1, 0, 0.0512691, 0, -0.998685, 318.857, 0, -154.497)

[node name="tree" parent="Path3D/Trees/@Node3D@73025" instance=ExtResource("4_44lqo")]

[node name="@Node3D@73026" type="Node3D" parent="Path3D/Trees"]
transform = Transform3D(-0.45248, 0, 0.891774, 0, 1, 0, -0.891774, 0, -0.45248, 322.095, 0, -153.031)

[node name="tree" parent="Path3D/Trees/@Node3D@73026" instance=ExtResource("4_44lqo")]

[node name="@Node3D@73027" type="Node3D" parent="Path3D/Trees"]
transform = Transform3D(0.978695, 0, 0.205318, 0, 1, 0, -0.205318, 0, 0.978695, 327.675, 0, -78.2952)

[node name="tree" parent="Path3D/Trees/@Node3D@73027" instance=ExtResource("4_44lqo")]

[node name="@Node3D@73028" type="Node3D" parent="Path3D/Trees"]
transform = Transform3D(-0.922769, 0, 0.385353, 0, 1, 0, -0.385353, 0, -0.922769, 331.212, 0, -73.3221)

[node name="tree" parent="Path3D/Trees/@Node3D@73028" instance=ExtResource("4_44lqo")]

[node name="@Node3D@73029" type="Node3D" parent="Path3D/Trees"]
transform = Transform3D(0.995215, 0, -0.0977061, 0, 1, 0, 0.0977061, 0, 0.995215, 334.61, 0, -78.4406)

[node name="tree" parent="Path3D/Trees/@Node3D@73029" instance=ExtResource("4_44lqo")]

[node name="@Node3D@73030" type="Node3D" parent="Path3D/Trees"]
transform = Transform3D(0.0809687, 0, -0.996717, 0, 1, 0, 0.996717, 0, 0.0809687, 335.232, 0, -149.947)

[node name="tree" parent="Path3D/Trees/@Node3D@73030" instance=ExtResource("4_44lqo")]

[node name="@Node3D@73031" type="Node3D" parent="Path3D/Trees"]
transform = Transform3D(-0.335516, 0, -0.942034, 0, 1, 0, 0.942034, 0, -0.335516, 341.449, 0, -77.4276)

[node name="tree" parent="Path3D/Trees/@Node3D@73031" instance=ExtResource("4_44lqo")]

[node name="@Node3D@73032" type="Node3D" parent="Path3D/Trees"]
transform = Transform3D(-0.95718, 0, -0.289493, 0, 1, 0, 0.289493, 0, -0.95718, 344.947, 0, -75.6883)

[node name="tree" parent="Path3D/Trees/@Node3D@73032" instance=ExtResource("4_44lqo")]

[node name="@Node3D@73033" type="Node3D" parent="Path3D/Trees"]
transform = Transform3D(0.70988, 0, -0.704322, 0, 1, 0, 0.704322, 0, 0.70988, 344.769, 0, -153.419)

[node name="tree" parent="Path3D/Trees/@Node3D@73033" instance=ExtResource("4_44lqo")]

[node name="@Node3D@73034" type="Node3D" parent="Path3D/Trees"]
transform = Transform3D(0.903238, 0, 0.429139, 0, 1, 0, -0.429139, 0, 0.903238, 348.008, 0, -153.346)

[node name="tree" parent="Path3D/Trees/@Node3D@73034" instance=ExtResource("4_44lqo")]

[node name="@Node3D@73035" type="Node3D" parent="Path3D/Trees"]
transform = Transform3D(-0.383406, 0, -0.92358, 0, 1, 0, 0.92358, 0, -0.383406, 351.42, 0, -150.087)

[node name="tree" parent="Path3D/Trees/@Node3D@73035" instance=ExtResource("4_44lqo")]

[node name="@Node3D@73036" type="Node3D" parent="Path3D/Trees"]
transform = Transform3D(-0.940027, 0, -0.341101, 0, 1, 0, 0.341101, 0, -0.940027, 358.987, 0, -76.1848)

[node name="tree" parent="Path3D/Trees/@Node3D@73036" instance=ExtResource("4_44lqo")]

[node name="@Node3D@73037" type="Node3D" parent="Path3D/Trees"]
transform = Transform3D(-0.742243, 9.17616e-06, 0.670131, 0, 1, -1.36931e-05, -0.670131, -1.01636e-05, -0.742243, 362.653, 0, -73.3149)

[node name="tree" parent="Path3D/Trees/@Node3D@73037" instance=ExtResource("4_44lqo")]

[node name="@Node3D@73038" type="Node3D" parent="Path3D/Trees"]
transform = Transform3D(0.0301208, 0.000355102, 0.999546, 0, 1, -0.000355263, -0.999546, 1.07008e-05, 0.0301208, 365.663, 4.56572e-05, -79.1141)

[node name="tree" parent="Path3D/Trees/@Node3D@73038" instance=ExtResource("4_44lqo")]

[node name="@Node3D@73039" type="Node3D" parent="Path3D/Trees"]
transform = Transform3D(0.741417, 0.000545527, 0.671044, 0, 1, -0.000812953, -0.671044, 0.000602738, 0.741417, 364.635, 0.00124446, -154.173)

[node name="tree" parent="Path3D/Trees/@Node3D@73039" instance=ExtResource("4_44lqo")]

[node name="@Node3D@73040" type="Node3D" parent="Path3D/Trees"]
transform = Transform3D(-0.992345, 0.000153433, 0.123497, 0, 0.999999, -0.0012424, -0.123497, -0.00123289, -0.992344, 368.132, 0.00402911, -153.165)

[node name="tree" parent="Path3D/Trees/@Node3D@73040" instance=ExtResource("4_44lqo")]

[node name="@Node3D@73041" type="Node3D" parent="Path3D/Trees"]
transform = Transform3D(-0.95581, 0.000483781, 0.293984, 0, 0.999999, -0.0016456, -0.293984, -0.00157288, -0.955809, 376.3, 0.0083447, -72.2607)

[node name="tree" parent="Path3D/Trees/@Node3D@73041" instance=ExtResource("4_44lqo")]

[node name="@Node3D@73042" type="Node3D" parent="Path3D/Trees"]
transform = Transform3D(-0.113599, -0.00202209, -0.993525, 0, 0.999998, -0.00203526, 0.993527, -0.000231203, -0.113599, 375.141, 0.0141363, -152.895)

[node name="tree" parent="Path3D/Trees/@Node3D@73042" instance=ExtResource("4_44lqo")]

[node name="@Node3D@73043" type="Node3D" parent="Path3D/Trees"]
transform = Transform3D(-0.414906, -0.00218462, -0.909862, 0, 0.999997, -0.00240104, 0.909864, -0.000996206, -0.414905, 383.236, 0.0218164, -79.7598)

[node name="tree" parent="Path3D/Trees/@Node3D@73043" instance=ExtResource("4_44lqo")]

[node name="@Node3D@73044" type="Node3D" parent="Path3D/Trees"]
transform = Transform3D(0.96896, -0.000676156, -0.247218, 0, 0.999996, -0.00273505, 0.247219, 0.00265016, 0.968956, 387.215, 0.030474, -74.6753)

[node name="tree" parent="Path3D/Trees/@Node3D@73044" instance=ExtResource("4_44lqo")]

[node name="@Node3D@73045" type="Node3D" parent="Path3D/Trees"]
transform = Transform3D(0.69989, -0.00217791, -0.714247, 0, 0.999995, -0.00304923, 0.714251, 0.00213412, 0.699887, 390.871, 0.0404397, -75.9818)

[node name="tree" parent="Path3D/Trees/@Node3D@73045" instance=ExtResource("4_44lqo")]

[node name="@Node3D@73046" type="Node3D" parent="Path3D/Trees"]
transform = Transform3D(-0.448511, -0.00298966, -0.893772, 0, 0.999994, -0.00334497, 0.893777, -0.00150026, -0.448508, 389.6, 0.0516586, -155.437)

[node name="tree" parent="Path3D/Trees/@Node3D@73046" instance=ExtResource("4_44lqo")]

[node name="@Node3D@73047" type="Node3D" parent="Path3D/Trees"]
transform = Transform3D(-0.850591, 0.00190517, 0.525824, 0, 0.999993, -0.00362319, -0.525827, -0.00308185, -0.850586, 398.095, 0.0640757, -82.1598)

[node name="tree" parent="Path3D/Trees/@Node3D@73047" instance=ExtResource("4_44lqo")]

[node name="@Node3D@73048" type="Node3D" parent="Path3D/Trees"]
transform = Transform3D(-0.819982, -0.0022238, -0.572385, 0, 0.999992, -0.00388511, 0.57239, -0.00318572, -0.819975, 402.519, 0.0776362, -74.1387)

[node name="tree" parent="Path3D/Trees/@Node3D@73048" instance=ExtResource("4_44lqo")]

[node name="@Node3D@73049" type="Node3D" parent="Path3D/Trees"]
transform = Transform3D(-0.0610118, -0.00413047, -0.998128, 0, 0.999991, -0.00413818, 0.998137, -0.000252478, -0.0610112, 400.495, 0.0922852, -158.076)

[node name="tree" parent="Path3D/Trees/@Node3D@73049" instance=ExtResource("4_44lqo")]

[node name="@Node3D@73050" type="Node3D" parent="Path3D/Trees"]
transform = Transform3D(0.999013, -0.000194368, -0.0444168, 0, 0.99999, -0.00437596, 0.0444172, 0.00437164, 0.999003, 410.517, 0.108921, -76.4655)

[node name="tree" parent="Path3D/Trees/@Node3D@73050" instance=ExtResource("4_44lqo")]

[node name="@Node3D@73051" type="Node3D" parent="Path3D/Trees"]
transform = Transform3D(0.857118, 0.00236565, 0.515115, 0, 0.999989, -0.00459242, -0.515121, 0.00393624, 0.857109, 414.184, 0.125638, -81.1158)

[node name="tree" parent="Path3D/Trees/@Node3D@73051" instance=ExtResource("4_44lqo")]

[node name="@Node3D@73052" type="Node3D" parent="Path3D/Trees"]
transform = Transform3D(0.825854, -0.0027041, -0.563878, 0, 0.999988, -0.00479549, 0.563884, 0.00396038, 0.825844, 412.19, 0.143276, -155.226)

[node name="tree" parent="Path3D/Trees/@Node3D@73052" instance=ExtResource("4_44lqo")]

[node name="@Node3D@73053" type="Node3D" parent="Path3D/Trees"]
transform = Transform3D(0.997052, -0.000382569, -0.0767312, 0, 0.999988, -0.00498577, 0.0767321, 0.00497107, 0.997039, 422.803, 0.161779, -75.5577)

[node name="tree" parent="Path3D/Trees/@Node3D@73053" instance=ExtResource("4_44lqo")]

[node name="@Node3D@73054" type="Node3D" parent="Path3D/Trees"]
transform = Transform3D(0.962818, -0.00139493, -0.270146, 0, 0.999987, -0.00516356, 0.270149, 0.00497157, 0.962806, 419.272, 0.181092, -160.809)

[node name="tree" parent="Path3D/Trees/@Node3D@73054" instance=ExtResource("4_44lqo")]

[node name="@Node3D@73055" type="Node3D" parent="Path3D/Trees"]
transform = Transform3D(0.931661, 0.00193632, 0.363323, 0, 0.999986, -0.0053294, -0.363328, 0.00496519, 0.931648, 423.572, 0.201162, -155.34)

[node name="tree" parent="Path3D/Trees/@Node3D@73055" instance=ExtResource("4_44lqo")]

[node name="@Node3D@73056" type="Node3D" parent="Path3D/Trees"]
transform = Transform3D(-0.999862, -9.11255e-05, -0.016604, 0, 0.999985, -0.00548807, 0.0166043, -0.00548731, -0.999847, 434.785, 0.221932, -81.4126)

[node name="tree" parent="Path3D/Trees/@Node3D@73056" instance=ExtResource("4_44lqo")]

[node name="@Node3D@73057" type="Node3D" parent="Path3D/Trees"]
transform = Transform3D(-0.966454, 0.00144724, 0.256837, 0, 0.999984, -0.00563476, -0.256841, -0.00544573, -0.966438, 439.71, 0.244628, -77.0478)

[node name="tree" parent="Path3D/Trees/@Node3D@73057" instance=ExtResource("4_44lqo")]

[node name="@Node3D@73058" type="Node3D" parent="Path3D/Trees"]
transform = Transform3D(-0.983731, -0.00103588, -0.179643, 0, 0.999983, -0.00576623, 0.179646, -0.00567242, -0.983715, 443.039, 0.266668, -85.5815)

[node name="tree" parent="Path3D/Trees/@Node3D@73058" instance=ExtResource("4_44lqo")]

[node name="@Node3D@73059" type="Node3D" parent="Path3D/Trees"]
transform = Transform3D(-0.906456, -0.00248604, -0.422292, 0, 0.999983, -0.00588691, 0.422299, -0.00533623, -0.906441, 447.441, 0.289241, -84.3601)

[node name="tree" parent="Path3D/Trees/@Node3D@73059" instance=ExtResource("4_44lqo")]

[node name="@Node3D@73060" type="Node3D" parent="Path3D/Trees"]
transform = Transform3D(0.134919, 0.00594228, 0.990839, 0, 0.999982, -0.00599711, -0.990857, 0.000809126, 0.134917, 452.475, 0.312293, -78.4093)

[node name="tree" parent="Path3D/Trees/@Node3D@73060" instance=ExtResource("4_44lqo")]

[node name="@Node3D@73061" type="Node3D" parent="Path3D/Trees"]
transform = Transform3D(0.964238, -0.00161587, -0.265034, 0, 0.999981, -0.00609676, 0.265038, 0.00587872, 0.96422, 455.865, 0.335767, -85.7908)

[node name="tree" parent="Path3D/Trees/@Node3D@73061" instance=ExtResource("4_44lqo")]

[node name="@Node3D@73062" type="Node3D" parent="Path3D/Trees"]
transform = Transform3D(-0.33849, 0.005821, 0.940952, 0, 0.999981, -0.00618617, -0.94097, -0.00209395, -0.338483, 460.63, 0.35961, -82.6974)

[node name="tree" parent="Path3D/Trees/@Node3D@73062" instance=ExtResource("4_44lqo")]

[node name="@Node3D@73063" type="Node3D" parent="Path3D/Trees"]
transform = Transform3D(-0.982023, 0.00118307, 0.188759, 0, 0.99998, -0.00626748, -0.188763, -0.00615481, -0.982003, 453.029, 0.383766, -164.318)

[node name="tree" parent="Path3D/Trees/@Node3D@73063" instance=ExtResource("4_44lqo")]

[node name="@Node3D@73064" type="Node3D" parent="Path3D/Trees"]
transform = Transform3D(-0.996266, -0.000547177, -0.0863309, 0, 0.99998, -0.00633801, 0.0863326, -0.00631434, -0.996246, 457.897, 0.409624, -158.457)

[node name="tree" parent="Path3D/Trees/@Node3D@73064" instance=ExtResource("4_44lqo")]

[node name="@Node3D@73065" type="Node3D" parent="Path3D/Trees"]
transform = Transform3D(0.819428, -0.00366601, -0.57317, 0, 0.99998, -0.0063959, 0.573182, 0.00524098, 0.819412, 473.72, 0.434252, -85.1625)

[node name="tree" parent="Path3D/Trees/@Node3D@73065" instance=ExtResource("4_44lqo")]

[node name="@Node3D@73066" type="Node3D" parent="Path3D/Trees"]
transform = Transform3D(-0.444962, -0.00577056, -0.895531, 0, 0.999979, -0.0064436, 0.89555, -0.00286715, -0.444953, 464.483, 0.459025, -163.887)

[node name="tree" parent="Path3D/Trees/@Node3D@73066" instance=ExtResource("4_44lqo")]

[node name="@Node3D@73067" type="Node3D" parent="Path3D/Trees"]
transform = Transform3D(0.158147, 0.00639919, 0.987395, 0, 0.999979, -0.00648075, -0.987415, 0.00102491, 0.158144, 482.951, 0.483889, -83.4517)

[node name="tree" parent="Path3D/Trees/@Node3D@73067" instance=ExtResource("4_44lqo")]

[node name="@Node3D@73068" type="Node3D" parent="Path3D/Trees"]
transform = Transform3D(-0.842624, -0.00350423, -0.538491, 0, 0.999979, -0.00650736, 0.538502, -0.00548326, -0.842606, 486.182, 0.508789, -90.0849)

[node name="tree" parent="Path3D/Trees/@Node3D@73068" instance=ExtResource("4_44lqo")]

[node name="@Node3D@73069" type="Node3D" parent="Path3D/Trees"]
transform = Transform3D(-0.974625, -0.00146012, -0.223839, 0, 0.999979, -0.00652297, 0.223843, -0.00635745, -0.974604, 475.111, 0.533669, -165.866)

[node name="tree" parent="Path3D/Trees/@Node3D@73069" instance=ExtResource("4_44lqo")]

[node name="@Node3D@73070" type="Node3D" parent="Path3D/Trees"]
transform = Transform3D(0.10116, 0.00649386, 0.994849, 0, 0.999979, -0.00652735, -0.99487, 0.000660307, 0.101158, 478.515, 0.558475, -166.831)

[node name="tree" parent="Path3D/Trees/@Node3D@73070" instance=ExtResource("4_44lqo")]

[node name="@Node3D@73071" type="Node3D" parent="Path3D/Trees"]
transform = Transform3D(0.528069, 0.00553664, 0.849183, 0, 0.999979, -0.00651982, -0.849201, 0.00344292, 0.528058, 482.784, 0.584598, -164.829)

[node name="tree" parent="Path3D/Trees/@Node3D@73071" instance=ExtResource("4_44lqo")]

[node name="@Node3D@73072" type="Node3D" parent="Path3D/Trees"]
transform = Transform3D(0.413897, 0.0059176, 0.910305, 0, 0.999979, -0.00650054, -0.910324, 0.00269055, 0.413888, 486.454, 0.609078, -164.523)

[node name="tree" parent="Path3D/Trees/@Node3D@73072" instance=ExtResource("4_44lqo")]

[node name="@Node3D@73073" type="Node3D" parent="Path3D/Trees"]
transform = Transform3D(0.591904, 0.00521406, 0.805991, 0, 0.999979, -0.00646899, -0.806008, 0.00382902, 0.591892, 489.333, 0.633315, -167.258)

[node name="tree" parent="Path3D/Trees/@Node3D@73073" instance=ExtResource("4_44lqo")]

[node name="@Node3D@73074" type="Node3D" parent="Path3D/Trees"]
transform = Transform3D(-0.377705, 0.00594884, 0.925907, 0, 0.999979, -0.00642474, -0.925926, -0.00242666, -0.377697, 492.101, 0.657256, -170.038)

[node name="tree" parent="Path3D/Trees/@Node3D@73074" instance=ExtResource("4_44lqo")]

[node name="@Node3D@73075" type="Node3D" parent="Path3D/Trees"]
transform = Transform3D(0.819258, -0.00365121, -0.573413, 0, 0.99998, -0.00636737, 0.573425, 0.00521652, 0.819242, 496.07, 0.680844, -168.268)

[node name="tree" parent="Path3D/Trees/@Node3D@73075" instance=ExtResource("4_44lqo")]

[node name="@Node3D@73076" type="Node3D" parent="Path3D/Trees"]
transform = Transform3D(0.977309, 0.00133363, 0.211813, 0, 0.99998, -0.00629612, -0.211817, 0.00615326, 0.97729, 522.129, 0.704026, -93.9386)

[node name="tree" parent="Path3D/Trees/@Node3D@73076" instance=ExtResource("4_44lqo")]

[node name="@Node3D@73077" type="Node3D" parent="Path3D/Trees"]
transform = Transform3D(-0.650111, -0.00471905, -0.759825, 0, 0.999981, -0.00621058, 0.759839, -0.00403757, -0.650099, 503.472, 0.726746, -166.765)

[node name="tree" parent="Path3D/Trees/@Node3D@73077" instance=ExtResource("4_44lqo")]

[node name="@Node3D@73078" type="Node3D" parent="Path3D/Trees"]
transform = Transform3D(0.625541, 0.00476435, 0.780177, 0, 0.999981, -0.00610664, -0.780191, 0.00381995, 0.625529, 506.035, 0.748949, -169.377)

[node name="tree" parent="Path3D/Trees/@Node3D@73078" instance=ExtResource("4_44lqo")]

[node name="@Node3D@73079" type="Node3D" parent="Path3D/Trees"]
transform = Transform3D(-0.115029, -0.00594603, -0.993344, 0, 0.999982, -0.00598576, 0.993362, -0.000688534, -0.115027, 533.769, 0.771833, -102.643)

[node name="tree" parent="Path3D/Trees/@Node3D@73079" instance=ExtResource("4_44lqo")]

[node name="@Node3D@73080" type="Node3D" parent="Path3D/Trees"]
transform = Transform3D(-0.58307, -0.00475396, -0.812408, 0, 0.999983, -0.00585159, 0.812422, -0.00341188, -0.58306, 537.153, 0.792799, -106.379)

[node name="tree" parent="Path3D/Trees/@Node3D@73080" instance=ExtResource("4_44lqo")]

[node name="@Node3D@73081" type="Node3D" parent="Path3D/Trees"]
transform = Transform3D(0.0125583, -0.00569913, -0.999905, 0, 0.999984, -0.00569958, 0.999921, 7.15771e-05, 0.0125581, 515.455, 0.813081, -171.723)

[node name="tree" parent="Path3D/Trees/@Node3D@73081" instance=ExtResource("4_44lqo")]

[node name="@Node3D@73082" type="Node3D" parent="Path3D/Trees"]
transform = Transform3D(-0.396591, 0.00507558, 0.917981, 0, 0.999985, -0.00552899, -0.917995, -0.00219275, -0.396585, 518.061, 0.832622, -173.375)

[node name="tree" parent="Path3D/Trees/@Node3D@73082" instance=ExtResource("4_44lqo")]

[node name="@Node3D@73083" type="Node3D" parent="Path3D/Trees"]
transform = Transform3D(-0.502135, -0.00461691, -0.864777, 0, 0.999986, -0.00533876, 0.86479, -0.00268078, -0.502127, 518.115, 0.85137, -180.425)

[node name="tree" parent="Path3D/Trees/@Node3D@73083" instance=ExtResource("4_44lqo")]

[node name="@Node3D@73084" type="Node3D" parent="Path3D/Trees"]
transform = Transform3D(-0.129697, -0.00508459, -0.991541, 0, 0.999987, -0.0051279, 0.991554, -0.000665075, -0.129695, 557.605, 0.869267, -105.31)

[node name="tree" parent="Path3D/Trees/@Node3D@73084" instance=ExtResource("4_44lqo")]

[node name="@Node3D@73085" type="Node3D" parent="Path3D/Trees"]
transform = Transform3D(0.772074, 0.00310651, 0.635526, 0, 0.999988, -0.00488803, -0.635533, 0.00377392, 0.772064, 522.92, 0.886261, -182.986)

[node name="tree" parent="Path3D/Trees/@Node3D@73085" instance=ExtResource("4_44lqo")]

[node name="@Node3D@73086" type="Node3D" parent="Path3D/Trees"]
transform = Transform3D(0.112437, 0.0045947, 0.993648, 0, 0.999989, -0.00462402, -0.993659, 0.000519911, 0.112436, 564.869, 0.903207, -112.504)

[node name="tree" parent="Path3D/Trees/@Node3D@73086" instance=ExtResource("4_44lqo")]

[node name="@Node3D@73087" type="Node3D" parent="Path3D/Trees"]
transform = Transform3D(-0.534409, 0.00367103, 0.845218, 0, 0.999991, -0.00434325, -0.845226, -0.00232107, -0.534404, 568.08, 0.918166, -116.428)

[node name="tree" parent="Path3D/Trees/@Node3D@73087" instance=ExtResource("4_44lqo")]

[node name="@Node3D@73088" type="Node3D" parent="Path3D/Trees"]
transform = Transform3D(0.943196, 0.00134131, 0.332234, 0, 0.999992, -0.0040372, -0.332237, 0.00380787, 0.943188, 533.871, 0.932052, -180.163)

[node name="tree" parent="Path3D/Trees/@Node3D@73088" instance=ExtResource("4_44lqo")]

[node name="@Node3D@73089" type="Node3D" parent="Path3D/Trees"]
transform = Transform3D(0.71351, 0.00259605, 0.70064, 0, 0.999993, -0.00370523, -0.700645, 0.00264372, 0.713506, 534.47, 0.944811, -184.003)

[node name="tree" parent="Path3D/Trees/@Node3D@73089" instance=ExtResource("4_44lqo")]

[node name="@Node3D@73090" type="Node3D" parent="Path3D/Trees"]
transform = Transform3D(0.91164, 0.0013753, 0.410988, 0, 0.999994, -0.0033463, -0.410991, 0.00305062, 0.911634, 536.783, 0.956388, -185.019)

[node name="tree" parent="Path3D/Trees/@Node3D@73090" instance=ExtResource("4_44lqo")]

[node name="@Node3D@73091" type="Node3D" parent="Path3D/Trees"]
transform = Transform3D(0.992536, -0.000360913, -0.121948, 0, 0.999996, -0.00295955, 0.121949, 0.00293746, 0.992532, 584.998, 0.966728, -125.835)

[node name="tree" parent="Path3D/Trees/@Node3D@73091" instance=ExtResource("4_44lqo")]

[node name="@Node3D@73092" type="Node3D" parent="Path3D/Trees"]
transform = Transform3D(-0.64722, -0.00193004, -0.762301, 0, 0.999997, -0.00253185, 0.762303, -0.00163866, -0.647218, 588.507, 0.975776, -129.48)

[node name="tree" parent="Path3D/Trees/@Node3D@73092" instance=ExtResource("4_44lqo")]

[node name="@Node3D@73093" type="Node3D" parent="Path3D/Trees"]
transform = Transform3D(0.747483, -0.00137777, -0.66428, 0, 0.999998, -0.00207408, 0.664281, 0.00155034, 0.747481, 540.942, 0.983887, -191.173)

[node name="tree" parent="Path3D/Trees/@Node3D@73093" instance=ExtResource("4_44lqo")]

[node name="@Node3D@73094" type="Node3D" parent="Path3D/Trees"]
transform = Transform3D(-0.561812, -0.00132397, -0.827264, 0, 0.999999, -0.00160042, 0.827265, -0.000899133, -0.561811, 594.461, 0.990103, -138.129)

[node name="tree" parent="Path3D/Trees/@Node3D@73094" instance=ExtResource("4_44lqo")]

[node name="@Node3D@73095" type="Node3D" parent="Path3D/Trees"]
transform = Transform3D(-0.546644, -0.000920084, -0.837364, 0, 0.999999, -0.00109879, 0.837365, -0.000600645, -0.546644, 545.723, 0.994858, -192.417)

[node name="tree" parent="Path3D/Trees/@Node3D@73095" instance=ExtResource("4_44lqo")]

[node name="@Node3D@73096" type="Node3D" parent="Path3D/Trees"]
transform = Transform3D(0.984103, 0.000101252, 0.177596, 0, 1, -0.000570126, -0.177596, 0.000561063, 0.984103, 601.741, 0.998099, -145.114)

[node name="tree" parent="Path3D/Trees/@Node3D@73096" instance=ExtResource("4_44lqo")]

