[gd_scene load_steps=25 format=3 uid="uid://d05mdkl6ehb1j"]

[ext_resource type="Texture2D" uid="uid://cd2vrrflcyrsu" path="res://Game9/Game/Scenery/Ground/ground.png" id="1_f0y5g"]
[ext_resource type="Script" path="res://Game9/Game/Tracks/track.gd" id="1_lkehh"]
[ext_resource type="Texture2D" uid="uid://k1j5g11njrrl" path="res://Game9/Game/Scenery/Track/road.jpg" id="2_jxlov"]
[ext_resource type="Texture2D" uid="uid://dxl4k7vk2upgg" path="res://Game9/Game/Scenery/Track/edging.png" id="3_iq5pv"]
[ext_resource type="Script" path="res://Game9/Game/Tracks/track_tools.gd" id="3_voetu"]
[ext_resource type="Texture2D" uid="uid://dq3t8p3t3ylrs" path="res://Game9/Game/Scenery/Wall/concrete_wall.jpg" id="4_a3ut6"]
[ext_resource type="PackedScene" uid="uid://s6e63r0aowht" path="res://Game9/Game/Scenery/Tree/tree.tscn" id="4_swt1d"]
[ext_resource type="Texture2D" uid="uid://cpcj30iwproh8" path="res://Game9/Game/Scenery/Track/start_finish_line.png" id="9_xnx17"]

[sub_resource type="StandardMaterial3D" id="StandardMaterial3D_03l6w"]
albedo_color = Color(0.422371, 0.422371, 0.422371, 1)
albedo_texture = ExtResource("1_f0y5g")
uv1_scale = Vector3(100, 100, 100)
texture_filter = 4

[sub_resource type="PlaneMesh" id="PlaneMesh_y5xia"]
material = SubResource("StandardMaterial3D_03l6w")
size = Vector2(1000, 1000)

[sub_resource type="BoxShape3D" id="BoxShape3D_uituh"]
size = Vector3(1000, 1, 1000)

[sub_resource type="Curve3D" id="Curve3D_2q5c1"]
_data = {
"points": PackedVector3Array(-28.08, 0, 0.594818, 28.08, 0, -0.594818, 1.19763, 0, 286.641, -39.0976, 0, 9.74146, 39.0976, 0, -9.74146, 219.971, 0, 279.455, -10.4828, 0, 12.58, 10.4828, 0, -12.58, 279.055, 0, 246.718, -5.09109, 0, 17.555, 5.09109, 0, -17.555, 312.59, 0, 190.828, -4.58325, 0, 24.9173, 4.58325, 0, -24.9173, 330.156, 0, 1.59687, -13.8279, 0, 7.96806, 13.8279, 0, -7.96806, 355.706, 0, -47.1081, -20.9708, 0, 8.00443, 20.9708, 0, -8.00443, 403.612, 0, -62.2785, 16.3734, 0, 12.2525, -16.3734, 0, -12.2525, 417.186, 0, -118.968, 33.4288, 0, 2.02454, -33.4288, 0, -2.02454, 358.101, 0, -140.526, 36.0842, 0, 1.314, -36.0842, 0, -1.314, 255.901, 0, -134.138, 30.5071, 0, 6.4725, -30.5071, 0, -6.4725, 86.6309, 0, -164.479, 27.3269, 0, 6.12872, -27.3269, 0, -6.12872, -173.661, 0, -218.773, 19.655, 0, -5.20212, -19.655, 0, 5.20212, -237.536, 0, -227.556, 21.8688, 0, -5.87305, -21.8688, 0, 5.87305, -281.451, 0, -202.006, 31.7132, 0, 3.16994, -31.7132, 0, -3.16994, -342.931, 0, -205.2, 12.6253, 0, -23.6732, -12.6253, 0, 23.6732, -400.418, 0, -179.649, -7.49777, 0, -10.6766, 7.49777, 0, 10.6766, -390.837, 0, -125.355, -7.3786, 0, -11.1466, 7.3786, 0, 11.1466, -326.962, 0, -36.7283, -10.6101, 0, -19.9024, 10.6101, 0, 19.9024, -252.707, 0, 90.2239, -3.36794, 0, -23.0644, 3.36794, 0, 23.0644, -211.188, 0, 188.432, 0.718384, 0, -22.0806, -0.718384, 0, 22.0806, -211.986, 0, 262.687, -33.641, 0, -5.197, 33.641, 0, 5.197, -183.242, 0, 293.028, -71.0517, 0, 0.841888, 71.0517, 0, -0.841888, 1.19763, 0, 286.641),
"tilts": PackedFloat32Array(0, 0, 0, 0, 0, 0, 0, 0, 0, 0, 0, 0, 0, 0, 0, 0, 0, 0, 0, 0, 0, 0, 0)
}
point_count = 23

[sub_resource type="StandardMaterial3D" id="StandardMaterial3D_ocivq"]
albedo_texture = ExtResource("2_jxlov")
uv1_scale = Vector3(0.05, 15, 1)
texture_filter = 5

[sub_resource type="StandardMaterial3D" id="StandardMaterial3D_03d3g"]
albedo_texture = ExtResource("3_iq5pv")
uv1_scale = Vector3(0.1, 0.1, 0.1)

[sub_resource type="StandardMaterial3D" id="StandardMaterial3D_8y30p"]
albedo_texture = ExtResource("3_iq5pv")
uv1_scale = Vector3(0.1, 0.1, 0.1)

[sub_resource type="StandardMaterial3D" id="StandardMaterial3D_ew32x"]
albedo_color = Color(0.422371, 0.422371, 0.422371, 1)
albedo_texture = ExtResource("1_f0y5g")
uv1_scale = Vector3(0.1, 20, 1)
texture_filter = 4

[sub_resource type="StandardMaterial3D" id="StandardMaterial3D_lc0jv"]
albedo_color = Color(0.422371, 0.422371, 0.422371, 1)
albedo_texture = ExtResource("1_f0y5g")
uv1_scale = Vector3(0.1, 20, 1)
texture_filter = 4

[sub_resource type="StandardMaterial3D" id="StandardMaterial3D_eefel"]
albedo_texture = ExtResource("4_a3ut6")
uv1_scale = Vector3(0.5, 0.5, 0.5)
uv1_triplanar = true
texture_filter = 4

[sub_resource type="StandardMaterial3D" id="StandardMaterial3D_o1agu"]
albedo_texture = ExtResource("4_a3ut6")
uv1_scale = Vector3(0.5, 0.5, 0.5)
uv1_triplanar = true
texture_filter = 4

[sub_resource type="StandardMaterial3D" id="StandardMaterial3D_3g4f8"]
transparency = 1
albedo_texture = ExtResource("9_xnx17")
texture_filter = 4

[sub_resource type="PlaneMesh" id="PlaneMesh_ys2m0"]
material = SubResource("StandardMaterial3D_3g4f8")
size = Vector2(3, 19)

[sub_resource type="BoxShape3D" id="BoxShape3D_e6wp6"]
size = Vector3(3, 10, 100)

[sub_resource type="BoxShape3D" id="BoxShape3D_bvrg1"]
size = Vector3(3, 10, 100)

[sub_resource type="Curve3D" id="Curve3D_u2y5y"]
_data = {
"points": PackedVector3Array(-6.2934, 0.0759277, 0.0306091, 6.293, 0, -0.031, -5.1107, 0, 300.566, -55.7872, 0, 8.60983, 55.7872, 0, -8.60983, 199.191, 0, 286.707, -11.0982, 0, 10.6263, 11.0982, 0, -10.6263, 279.693, 0, 258.116, -8.9371, 0, 30.6322, 8.9371, 0, -30.6322, 319.288, 0, 193.129, -4.83435, 0, 18.8625, 4.83435, 0, -18.8625, 355.97, 0, -8.89547, -15.4377, 0, 11.3065, 15.4377, 0, -11.3065, 393.752, 0, -39.39, -6.41092, 0, 13.0557, 6.41092, 0, -13.0557, 425.444, 0, -71.869, 8.51779, 0, 14.117, -8.51779, 0, -14.117, 427.475, 0, -118.591, 20.7308, 0, 4.54797, -20.7308, 0, -4.54797, 381.56, 0, -144.246, 26.5991, 0, 3.52823, -26.5991, 0, -3.52823, 263.333, 0, -156.435, 8.39398, 0, 1.07663, -8.39398, 0, -1.07663, 16.3138, 0, -201.126, 22.2243, 0, 1.85284, -22.2243, 0, -1.85284, -212.772, 0, -237.7, 17.6613, 0, -4.36252, -17.6613, 0, 4.36252, -259.088, 0, -227.136, 20.6679, 0, -1.61592, -20.6679, 0, 1.61592, -309.06, 0, -219.011, 20.7693, 0, -2.42892, -20.7693, 0, 2.42892, -366.346, 0, -218.198, 9.86661, 0, -14.9134, -9.86661, 0, 14.9134, -404.536, 0, -192.196, -12.1833, 0, -17.7913, 12.1833, 0, 17.7913, -406.568, 0, -131.66, -16.5452, 0, -29.4148, 16.5452, 0, 29.4148, -329.722, 0, -13.1956, -2.80351, 0, -27.5268, 2.80351, 0, 27.5268, -233.433, 0, 192.789, -4.52359, 0, -11.1659, 4.52359, 0, 11.1659, -221.245, 0, 282.983, -16.5968, 0, -4.02426, 16.5968, 0, 4.02426, -198.899, 0, 295.984, -29.1425, 0, 0.359192, 29.1425, 0, -0.359192, -47.3029, 0, 302.739, -8.621, 0, 0.479, 8.62146, 0.28894, -0.479034, -5.1107, 0, 300.566),
"tilts": PackedFloat32Array(0, 0, 0, 0, 0, 0, 0, 0, 0, 0, 0, 0, 0, 0, 0, 0, 0, 0, 0, 0, 0, 0, 0)
}
point_count = 23

[node name="Track3" type="Node3D"]
script = ExtResource("1_lkehh")

[node name="Floor" type="StaticBody3D" parent="." groups=["Floor"]]
transform = Transform3D(1, 0, 0, 0, 1, 0, 0, 0, 1, 0, -0.1, 0)

[node name="MeshInstance3D" type="MeshInstance3D" parent="Floor"]
mesh = SubResource("PlaneMesh_y5xia")

[node name="CollisionShape3D" type="CollisionShape3D" parent="Floor"]
transform = Transform3D(1, 0, 0, 0, 1, 0, 0, 0, 1, 0, -0.5, 0)
shape = SubResource("BoxShape3D_uituh")

[node name="Path3D" type="Path3D" parent="."]
curve = SubResource("Curve3D_2q5c1")
script = ExtResource("3_voetu")
tree_count = 1000
base_count = 0

[node name="Trees" type="Node3D" parent="Path3D"]

[node name="@Node3D@62346" type="Node3D" parent="Path3D/Trees"]
transform = Transform3D(0.20915, 0, -0.977883, 0, 1, 0, 0.977883, 0, 0.20915, 2.09501, 0, 342.784)

[node name="tree" parent="Path3D/Trees/@Node3D@62346" instance=ExtResource("4_swt1d")]

[node name="@Node3D@62347" type="Node3D" parent="Path3D/Trees"]
transform = Transform3D(0.333255, 0, 0.942837, 0, 1, 0, -0.942837, 0, 0.333255, 4.19719, 0, 338.477)

[node name="tree" parent="Path3D/Trees/@Node3D@62347" instance=ExtResource("4_swt1d")]

[node name="@Node3D@62348" type="Node3D" parent="Path3D/Trees"]
transform = Transform3D(0.388193, 0, -0.921578, 0, 1, 0, 0.921578, 0, 0.388193, 5.51962, 0, 338.103)

[node name="tree" parent="Path3D/Trees/@Node3D@62348" instance=ExtResource("4_swt1d")]

[node name="@Node3D@62349" type="Node3D" parent="Path3D/Trees"]
transform = Transform3D(0.39733, 0, -0.917676, 0, 1, 0, 0.917676, 0, 0.39733, 7.01881, 0, 342.606)

[node name="tree" parent="Path3D/Trees/@Node3D@62349" instance=ExtResource("4_swt1d")]

[node name="@Node3D@62350" type="Node3D" parent="Path3D/Trees"]
transform = Transform3D(0.0485918, 0, -0.998819, 0, 1, 0, 0.998819, 0, 0.0485918, 8.5461, 0, 262.675)

[node name="tree" parent="Path3D/Trees/@Node3D@62350" instance=ExtResource("4_swt1d")]

[node name="@Node3D@62351" type="Node3D" parent="Path3D/Trees"]
transform = Transform3D(0.423993, 0, 0.905666, 0, 1, 0, -0.905666, 0, 0.423993, 10.5412, 0, 341.885)

[node name="tree" parent="Path3D/Trees/@Node3D@62351" instance=ExtResource("4_swt1d")]

[node name="@Node3D@62352" type="Node3D" parent="Path3D/Trees"]
transform = Transform3D(0.818444, 0, -0.574586, 0, 1, 0, 0.574586, 0, 0.818444, 12.4466, 0, 341.233)

[node name="tree" parent="Path3D/Trees/@Node3D@62352" instance=ExtResource("4_swt1d")]

[node name="@Node3D@62353" type="Node3D" parent="Path3D/Trees"]
transform = Transform3D(0.946655, 0, -0.322249, 0, 1, 0, 0.322249, 0, 0.946655, 14.6375, 0, 337.404)

[node name="tree" parent="Path3D/Trees/@Node3D@62353" instance=ExtResource("4_swt1d")]

[node name="@Node3D@62354" type="Node3D" parent="Path3D/Trees"]
transform = Transform3D(0.180036, 0, -0.98366, 0, 1, 0, 0.98366, 0, 0.180036, 16.8003, 0, 339.564)

[node name="tree" parent="Path3D/Trees/@Node3D@62354" instance=ExtResource("4_swt1d")]

[node name="@Node3D@62355" type="Node3D" parent="Path3D/Trees"]
transform = Transform3D(-0.417687, 0, 0.908591, 0, 1, 0, -0.908591, 0, -0.417687, 19.2476, 0, 269.167)

[node name="tree" parent="Path3D/Trees/@Node3D@62355" instance=ExtResource("4_swt1d")]

[node name="@Node3D@62356" type="Node3D" parent="Path3D/Trees"]
transform = Transform3D(0.0632683, 0, 0.997997, 0, 1, 0, -0.997997, 0, 0.0632683, 21.6862, 0, 263.256)

[node name="tree" parent="Path3D/Trees/@Node3D@62356" instance=ExtResource("4_swt1d")]

[node name="@Node3D@62357" type="Node3D" parent="Path3D/Trees"]
transform = Transform3D(0.157956, 0, -0.987446, 0, 1, 0, 0.987446, 0, 0.157956, 24.1381, 0, 342.242)

[node name="tree" parent="Path3D/Trees/@Node3D@62357" instance=ExtResource("4_swt1d")]

[node name="@Node3D@62358" type="Node3D" parent="Path3D/Trees"]
transform = Transform3D(-0.613042, 0, -0.79005, 0, 1, 0, 0.79005, 0, -0.613042, 26.7571, 0, 337.275)

[node name="tree" parent="Path3D/Trees/@Node3D@62358" instance=ExtResource("4_swt1d")]

[node name="@Node3D@62359" type="Node3D" parent="Path3D/Trees"]
transform = Transform3D(0.367849, 0, -0.929886, 0, 1, 0, 0.929886, 0, 0.367849, 29.7228, 0, 261.161)

[node name="tree" parent="Path3D/Trees/@Node3D@62359" instance=ExtResource("4_swt1d")]

[node name="@Node3D@62360" type="Node3D" parent="Path3D/Trees"]
transform = Transform3D(-0.332258, 0, -0.943189, 0, 1, 0, 0.943189, 0, -0.332258, 32.7079, 0, 263.989)

[node name="tree" parent="Path3D/Trees/@Node3D@62360" instance=ExtResource("4_swt1d")]

[node name="@Node3D@62361" type="Node3D" parent="Path3D/Trees"]
transform = Transform3D(0.919579, 0, -0.392904, 0, 1, 0, 0.392904, 0, 0.919579, 35.5774, 0, 267.04)

[node name="tree" parent="Path3D/Trees/@Node3D@62361" instance=ExtResource("4_swt1d")]

[node name="@Node3D@62362" type="Node3D" parent="Path3D/Trees"]
transform = Transform3D(0.985775, 0, -0.168069, 0, 1, 0, 0.168069, 0, 0.985775, 38.5518, 0, 262.221)

[node name="tree" parent="Path3D/Trees/@Node3D@62362" instance=ExtResource("4_swt1d")]

[node name="@Node3D@62363" type="Node3D" parent="Path3D/Trees"]
transform = Transform3D(-0.483969, 0, 0.875085, 0, 1, 0, -0.875085, 0, -0.483969, 41.3328, 0, 344.554)

[node name="tree" parent="Path3D/Trees/@Node3D@62363" instance=ExtResource("4_swt1d")]

[node name="@Node3D@62364" type="Node3D" parent="Path3D/Trees"]
transform = Transform3D(0.38822, 0, 0.921567, 0, 1, 0, -0.921567, 0, 0.38822, 44.8976, 0, 267.299)

[node name="tree" parent="Path3D/Trees/@Node3D@62364" instance=ExtResource("4_swt1d")]

[node name="@Node3D@62365" type="Node3D" parent="Path3D/Trees"]
transform = Transform3D(0.999492, 0, -0.0318758, 0, 1, 0, 0.0318758, 0, 0.999492, 47.8869, 0, 345.525)

[node name="tree" parent="Path3D/Trees/@Node3D@62365" instance=ExtResource("4_swt1d")]

[node name="@Node3D@62366" type="Node3D" parent="Path3D/Trees"]
transform = Transform3D(-0.372388, 0, -0.928077, 0, 1, 0, 0.928077, 0, -0.372388, 51.312, 0, 269.073)

[node name="tree" parent="Path3D/Trees/@Node3D@62366" instance=ExtResource("4_swt1d")]

[node name="@Node3D@62367" type="Node3D" parent="Path3D/Trees"]
transform = Transform3D(0.559103, 0, -0.829098, 0, 1, 0, 0.829098, 0, 0.559103, 54.8553, 0, 267.455)

[node name="tree" parent="Path3D/Trees/@Node3D@62367" instance=ExtResource("4_swt1d")]

[node name="@Node3D@62368" type="Node3D" parent="Path3D/Trees"]
transform = Transform3D(-0.662221, 0, -0.749309, 0, 1, 0, 0.749309, 0, -0.662221, 58.1442, 0, 346.311)

[node name="tree" parent="Path3D/Trees/@Node3D@62368" instance=ExtResource("4_swt1d")]

[node name="@Node3D@62369" type="Node3D" parent="Path3D/Trees"]
transform = Transform3D(-0.404054, 0, -0.914735, 0, 1, 0, 0.914735, 0, -0.404054, 61.6333, 0, 264.895)

[node name="tree" parent="Path3D/Trees/@Node3D@62369" instance=ExtResource("4_swt1d")]

[node name="@Node3D@62370" type="Node3D" parent="Path3D/Trees"]
transform = Transform3D(-0.942948, 0, -0.33294, 0, 1, 0, 0.33294, 0, -0.942948, 65.0947, 0, 260.718)

[node name="tree" parent="Path3D/Trees/@Node3D@62370" instance=ExtResource("4_swt1d")]

[node name="@Node3D@62371" type="Node3D" parent="Path3D/Trees"]
transform = Transform3D(-0.912194, 0, 0.409758, 0, 1, 0, -0.409758, 0, -0.912194, 68.9406, 0, 343.007)

[node name="tree" parent="Path3D/Trees/@Node3D@62371" instance=ExtResource("4_swt1d")]

[node name="@Node3D@62372" type="Node3D" parent="Path3D/Trees"]
transform = Transform3D(-0.892654, 0, 0.450743, 0, 1, 0, -0.450743, 0, -0.892654, 72.5415, 0, 336.92)

[node name="tree" parent="Path3D/Trees/@Node3D@62372" instance=ExtResource("4_swt1d")]

[node name="@Node3D@62373" type="Node3D" parent="Path3D/Trees"]
transform = Transform3D(-0.681177, 0, 0.732119, 0, 1, 0, -0.732119, 0, -0.681177, 75.9964, 0, 263.363)

[node name="tree" parent="Path3D/Trees/@Node3D@62373" instance=ExtResource("4_swt1d")]

[node name="@Node3D@62374" type="Node3D" parent="Path3D/Trees"]
transform = Transform3D(-0.157102, 0, 0.987582, 0, 1, 0, -0.987582, 0, -0.157102, 79.882, 0, 263.517)

[node name="tree" parent="Path3D/Trees/@Node3D@62374" instance=ExtResource("4_swt1d")]

[node name="@Node3D@62375" type="Node3D" parent="Path3D/Trees"]
transform = Transform3D(-0.358339, 0, 0.933591, 0, 1, 0, -0.933591, 0, -0.358339, 83.8736, 0, 337.406)

[node name="tree" parent="Path3D/Trees/@Node3D@62375" instance=ExtResource("4_swt1d")]

[node name="@Node3D@62376" type="Node3D" parent="Path3D/Trees"]
transform = Transform3D(0.807362, 0, -0.590056, 0, 1, 0, 0.590056, 0, 0.807362, 87.2405, 0, 266.649)

[node name="tree" parent="Path3D/Trees/@Node3D@62376" instance=ExtResource("4_swt1d")]

[node name="@Node3D@62377" type="Node3D" parent="Path3D/Trees"]
transform = Transform3D(-0.885803, 0, 0.464061, 0, 1, 0, -0.464061, 0, -0.885803, 91.4761, 0, 346.044)

[node name="tree" parent="Path3D/Trees/@Node3D@62377" instance=ExtResource("4_swt1d")]

[node name="@Node3D@62378" type="Node3D" parent="Path3D/Trees"]
transform = Transform3D(-0.689647, 0, -0.724145, 0, 1, 0, 0.724145, 0, -0.689647, 94.9551, 0, 267.523)

[node name="tree" parent="Path3D/Trees/@Node3D@62378" instance=ExtResource("4_swt1d")]

[node name="@Node3D@62379" type="Node3D" parent="Path3D/Trees"]
transform = Transform3D(-0.629126, 0, 0.777304, 0, 1, 0, -0.777304, 0, -0.629126, 99.39, 0, 343.961)

[node name="tree" parent="Path3D/Trees/@Node3D@62379" instance=ExtResource("4_swt1d")]

[node name="@Node3D@62380" type="Node3D" parent="Path3D/Trees"]
transform = Transform3D(-0.729837, 0, -0.683621, 0, 1, 0, 0.683621, 0, -0.729837, 103.216, 0, 340.71)

[node name="tree" parent="Path3D/Trees/@Node3D@62380" instance=ExtResource("4_swt1d")]

[node name="@Node3D@62381" type="Node3D" parent="Path3D/Trees"]
transform = Transform3D(0.0999716, 0, 0.99499, 0, 1, 0, -0.99499, 0, 0.0999716, 107.373, 0, 342.02)

[node name="tree" parent="Path3D/Trees/@Node3D@62381" instance=ExtResource("4_swt1d")]

[node name="@Node3D@62382" type="Node3D" parent="Path3D/Trees"]
transform = Transform3D(-0.282571, 0, -0.959246, 0, 1, 0, 0.959246, 0, -0.282571, 110.205, 0, 262.008)

[node name="tree" parent="Path3D/Trees/@Node3D@62382" instance=ExtResource("4_swt1d")]

[node name="@Node3D@62383" type="Node3D" parent="Path3D/Trees"]
transform = Transform3D(0.968531, 0, 0.248893, 0, 1, 0, -0.248893, 0, 0.968531, 115.086, 0, 338.235)

[node name="tree" parent="Path3D/Trees/@Node3D@62383" instance=ExtResource("4_swt1d")]

[node name="@Node3D@62384" type="Node3D" parent="Path3D/Trees"]
transform = Transform3D(0.749744, 0, -0.661728, 0, 1, 0, 0.661728, 0, 0.749744, 117.996, 0, 261.463)

[node name="tree" parent="Path3D/Trees/@Node3D@62384" instance=ExtResource("4_swt1d")]

[node name="@Node3D@62385" type="Node3D" parent="Path3D/Trees"]
transform = Transform3D(-0.240355, 0, -0.970685, 0, 1, 0, 0.970685, 0, -0.240355, 123.21, 0, 342.746)

[node name="tree" parent="Path3D/Trees/@Node3D@62385" instance=ExtResource("4_swt1d")]

[node name="@Node3D@62386" type="Node3D" parent="Path3D/Trees"]
transform = Transform3D(0.201551, 0, -0.979478, 0, 1, 0, 0.979478, 0, 0.201551, 125.519, 0, 262.626)

[node name="tree" parent="Path3D/Trees/@Node3D@62386" instance=ExtResource("4_swt1d")]

[node name="@Node3D@62387" type="Node3D" parent="Path3D/Trees"]
transform = Transform3D(0.777834, 0, -0.62847, 0, 1, 0, 0.62847, 0, 0.777834, 130.969, 0, 342.066)

[node name="tree" parent="Path3D/Trees/@Node3D@62387" instance=ExtResource("4_swt1d")]

[node name="@Node3D@62388" type="Node3D" parent="Path3D/Trees"]
transform = Transform3D(0.55616, 0, 0.831075, 0, 1, 0, -0.831075, 0, 0.55616, 134.99, 0, 336.926)

[node name="tree" parent="Path3D/Trees/@Node3D@62388" instance=ExtResource("4_swt1d")]

[node name="@Node3D@62389" type="Node3D" parent="Path3D/Trees"]
transform = Transform3D(-0.619844, 0, 0.784725, 0, 1, 0, -0.784725, 0, -0.619844, 138.824, 0, 336.393)

[node name="tree" parent="Path3D/Trees/@Node3D@62389" instance=ExtResource("4_swt1d")]

[node name="@Node3D@62390" type="Node3D" parent="Path3D/Trees"]
transform = Transform3D(0.0550905, 0, 0.998481, 0, 1, 0, -0.998481, 0, 0.0550905, 140.589, 0, 262.811)

[node name="tree" parent="Path3D/Trees/@Node3D@62390" instance=ExtResource("4_swt1d")]

[node name="@Node3D@62391" type="Node3D" parent="Path3D/Trees"]
transform = Transform3D(0.219414, 0, -0.975632, 0, 1, 0, 0.975632, 0, 0.219414, 146.965, 0, 344.02)

[node name="tree" parent="Path3D/Trees/@Node3D@62391" instance=ExtResource("4_swt1d")]

[node name="@Node3D@62392" type="Node3D" parent="Path3D/Trees"]
transform = Transform3D(-0.98905, 0, -0.147582, 0, 1, 0, 0.147582, 0, -0.98905, 150.74, 0, 343.158)

[node name="tree" parent="Path3D/Trees/@Node3D@62392" instance=ExtResource("4_swt1d")]

[node name="@Node3D@62393" type="Node3D" parent="Path3D/Trees"]
transform = Transform3D(-0.594402, 0, 0.804168, 0, 1, 0, -0.804168, 0, -0.594402, 151.733, 0, 265.192)

[node name="tree" parent="Path3D/Trees/@Node3D@62393" instance=ExtResource("4_swt1d")]

[node name="@Node3D@62394" type="Node3D" parent="Path3D/Trees"]
transform = Transform3D(-0.848125, 0, -0.529796, 0, 1, 0, 0.529796, 0, -0.848125, 158.072, 0, 338.003)

[node name="tree" parent="Path3D/Trees/@Node3D@62394" instance=ExtResource("4_swt1d")]

[node name="@Node3D@62395" type="Node3D" parent="Path3D/Trees"]
transform = Transform3D(0.489524, 0, 0.87199, 0, 1, 0, -0.87199, 0, 0.489524, 162.168, 0, 341.222)

[node name="tree" parent="Path3D/Trees/@Node3D@62395" instance=ExtResource("4_swt1d")]

[node name="@Node3D@62396" type="Node3D" parent="Path3D/Trees"]
transform = Transform3D(-0.884786, 0, 0.465998, 0, 1, 0, -0.465998, 0, -0.884786, 162.328, 0, 263.061)

[node name="tree" parent="Path3D/Trees/@Node3D@62396" instance=ExtResource("4_swt1d")]

[node name="@Node3D@62397" type="Node3D" parent="Path3D/Trees"]
transform = Transform3D(-0.635749, 0, 0.771896, 0, 1, 0, -0.771896, 0, -0.635749, 169.413, 0, 339.547)

[node name="tree" parent="Path3D/Trees/@Node3D@62397" instance=ExtResource("4_swt1d")]

[node name="@Node3D@62398" type="Node3D" parent="Path3D/Trees"]
transform = Transform3D(-0.855721, 0, 0.517437, 0, 1, 0, -0.517437, 0, -0.855721, 169.168, 0, 261.487)

[node name="tree" parent="Path3D/Trees/@Node3D@62398" instance=ExtResource("4_swt1d")]

[node name="@Node3D@62399" type="Node3D" parent="Path3D/Trees"]
transform = Transform3D(0.994044, 0, 0.108978, 0, 1, 0, -0.108978, 0, 0.994044, 172.578, 0, 264.447)

[node name="tree" parent="Path3D/Trees/@Node3D@62399" instance=ExtResource("4_swt1d")]

[node name="@Node3D@62400" type="Node3D" parent="Path3D/Trees"]
transform = Transform3D(-0.652758, 0, 0.757566, 0, 1, 0, -0.757566, 0, -0.652758, 180.399, 0, 340.755)

[node name="tree" parent="Path3D/Trees/@Node3D@62400" instance=ExtResource("4_swt1d")]

[node name="@Node3D@62401" type="Node3D" parent="Path3D/Trees"]
transform = Transform3D(0.595341, 0, -0.803473, 0, 1, 0, 0.803473, 0, 0.595341, 183.918, 0, 341.269)

[node name="tree" parent="Path3D/Trees/@Node3D@62401" instance=ExtResource("4_swt1d")]

[node name="@Node3D@62402" type="Node3D" parent="Path3D/Trees"]
transform = Transform3D(-0.768612, 0, 0.639715, 0, 1, 0, -0.639715, 0, -0.768612, 187.548, 0, 340.769)

[node name="tree" parent="Path3D/Trees/@Node3D@62402" instance=ExtResource("4_swt1d")]

[node name="@Node3D@62403" type="Node3D" parent="Path3D/Trees"]
transform = Transform3D(0.0251813, 0, 0.999683, 0, 1, 0, -0.999683, 0, 0.0251813, 190.653, 0, 337.113)

[node name="tree" parent="Path3D/Trees/@Node3D@62403" instance=ExtResource("4_swt1d")]

[node name="@Node3D@62404" type="Node3D" parent="Path3D/Trees"]
transform = Transform3D(0.993279, 0, -0.115744, 0, 1, 0, 0.115744, 0, 0.993279, 194.4, 0, 342.233)

[node name="tree" parent="Path3D/Trees/@Node3D@62404" instance=ExtResource("4_swt1d")]

[node name="@Node3D@62405" type="Node3D" parent="Path3D/Trees"]
transform = Transform3D(-0.999945, 0, -0.0104614, 0, 1, 0, 0.0104614, 0, -0.999945, 197.755, 0, 340.323)

[node name="tree" parent="Path3D/Trees/@Node3D@62405" instance=ExtResource("4_swt1d")]

[node name="@Node3D@62406" type="Node3D" parent="Path3D/Trees"]
transform = Transform3D(0.112699, 0, 0.993629, 0, 1, 0, -0.993629, 0, 0.112699, 200.713, 0, 337.362)

[node name="tree" parent="Path3D/Trees/@Node3D@62406" instance=ExtResource("4_swt1d")]

[node name="@Node3D@62407" type="Node3D" parent="Path3D/Trees"]
transform = Transform3D(-0.614211, 0, 0.789142, 0, 1, 0, -0.789142, 0, -0.614211, 203.466, 0, 333.253)

[node name="tree" parent="Path3D/Trees/@Node3D@62407" instance=ExtResource("4_swt1d")]

[node name="@Node3D@62408" type="Node3D" parent="Path3D/Trees"]
transform = Transform3D(0.955421, 0, -0.295247, 0, 1, 0, 0.295247, 0, 0.955421, 198.379, 0, 260.402)

[node name="tree" parent="Path3D/Trees/@Node3D@62408" instance=ExtResource("4_swt1d")]

[node name="@Node3D@62409" type="Node3D" parent="Path3D/Trees"]
transform = Transform3D(-0.348481, 0, -0.937316, 0, 1, 0, 0.937316, 0, -0.348481, 200.748, 0, 258.99)

[node name="tree" parent="Path3D/Trees/@Node3D@62409" instance=ExtResource("4_swt1d")]

[node name="@Node3D@62410" type="Node3D" parent="Path3D/Trees"]
transform = Transform3D(0.034387, 0, -0.999409, 0, 1, 0, 0.999409, 0, 0.034387, 213.673, 0, 339.208)

[node name="tree" parent="Path3D/Trees/@Node3D@62410" instance=ExtResource("4_swt1d")]

[node name="@Node3D@62411" type="Node3D" parent="Path3D/Trees"]
transform = Transform3D(0.161634, 0, -0.986851, 0, 1, 0, 0.986851, 0, 0.161634, 205.567, 0, 262.343)

[node name="tree" parent="Path3D/Trees/@Node3D@62411" instance=ExtResource("4_swt1d")]

[node name="@Node3D@62412" type="Node3D" parent="Path3D/Trees"]
transform = Transform3D(0.620152, 0, 0.784481, 0, 1, 0, -0.784481, 0, 0.620152, 206.749, 0, 256.144)

[node name="tree" parent="Path3D/Trees/@Node3D@62412" instance=ExtResource("4_swt1d")]

[node name="@Node3D@62413" type="Node3D" parent="Path3D/Trees"]
transform = Transform3D(-0.826346, 0, 0.563163, 0, 1, 0, -0.563163, 0, -0.826346, 209.274, 0, 260.357)

[node name="tree" parent="Path3D/Trees/@Node3D@62413" instance=ExtResource("4_swt1d")]

[node name="@Node3D@62414" type="Node3D" parent="Path3D/Trees"]
transform = Transform3D(-0.970324, 0, 0.241809, 0, 1, 0, -0.241809, 0, -0.970324, 226.136, 0, 338.618)

[node name="tree" parent="Path3D/Trees/@Node3D@62414" instance=ExtResource("4_swt1d")]

[node name="@Node3D@62415" type="Node3D" parent="Path3D/Trees"]
transform = Transform3D(-0.960596, 0, -0.27795, 0, 1, 0, 0.27795, 0, -0.960596, 228.488, 0, 334.521)

[node name="tree" parent="Path3D/Trees/@Node3D@62415" instance=ExtResource("4_swt1d")]

[node name="@Node3D@62416" type="Node3D" parent="Path3D/Trees"]
transform = Transform3D(-0.506391, 0, 0.862304, 0, 1, 0, -0.862304, 0, -0.506391, 230.584, 0, 329.249)

[node name="tree" parent="Path3D/Trees/@Node3D@62416" instance=ExtResource("4_swt1d")]

[node name="@Node3D@62417" type="Node3D" parent="Path3D/Trees"]
transform = Transform3D(-0.0283895, 0, 0.999597, 0, 1, 0, -0.999597, 0, -0.0283895, 233.562, 0, 331.691)

[node name="tree" parent="Path3D/Trees/@Node3D@62417" instance=ExtResource("4_swt1d")]

[node name="@Node3D@62418" type="Node3D" parent="Path3D/Trees"]
transform = Transform3D(0.703754, 0, 0.710444, 0, 1, 0, -0.710444, 0, 0.703754, 235.688, 0, 332.173)

[node name="tree" parent="Path3D/Trees/@Node3D@62418" instance=ExtResource("4_swt1d")]

[node name="@Node3D@62419" type="Node3D" parent="Path3D/Trees"]
transform = Transform3D(0.99316, 0, -0.116766, 0, 1, 0, 0.116766, 0, 0.99316, 236.641, 0, 327.838)

[node name="tree" parent="Path3D/Trees/@Node3D@62419" instance=ExtResource("4_swt1d")]

[node name="@Node3D@62420" type="Node3D" parent="Path3D/Trees"]
transform = Transform3D(0.952469, 0, 0.304634, 0, 1, 0, -0.304634, 0, 0.952469, 240.638, 0, 335.447)

[node name="tree" parent="Path3D/Trees/@Node3D@62420" instance=ExtResource("4_swt1d")]

[node name="@Node3D@62421" type="Node3D" parent="Path3D/Trees"]
transform = Transform3D(0.949174, 0, -0.314751, 0, 1, 0, 0.314751, 0, 0.949174, 219.922, 0, 253.952)

[node name="tree" parent="Path3D/Trees/@Node3D@62421" instance=ExtResource("4_swt1d")]

[node name="@Node3D@62422" type="Node3D" parent="Path3D/Trees"]
transform = Transform3D(0.945158, 0, -0.326615, 0, 1, 0, 0.326615, 0, 0.945158, 242.729, 0, 328.591)

[node name="tree" parent="Path3D/Trees/@Node3D@62422" instance=ExtResource("4_swt1d")]

[node name="@Node3D@62423" type="Node3D" parent="Path3D/Trees"]
transform = Transform3D(0.313154, 0, 0.949702, 0, 1, 0, -0.949702, 0, 0.313154, 243.616, 0, 325.161)

[node name="tree" parent="Path3D/Trees/@Node3D@62423" instance=ExtResource("4_swt1d")]

[node name="@Node3D@62424" type="Node3D" parent="Path3D/Trees"]
transform = Transform3D(-0.278905, 0, 0.960319, 0, 1, 0, -0.960319, 0, -0.278905, 224.71, 0, 255.804)

[node name="tree" parent="Path3D/Trees/@Node3D@62424" instance=ExtResource("4_swt1d")]

[node name="@Node3D@62425" type="Node3D" parent="Path3D/Trees"]
transform = Transform3D(-0.177425, 0, 0.984134, 0, 1, 0, -0.984134, 0, -0.177425, 225.848, 0, 255.446)

[node name="tree" parent="Path3D/Trees/@Node3D@62425" instance=ExtResource("4_swt1d")]

[node name="@Node3D@62426" type="Node3D" parent="Path3D/Trees"]
transform = Transform3D(0.504437, 0, -0.863448, 0, 1, 0, 0.863448, 0, 0.504437, 229.623, 0, 258.838)

[node name="tree" parent="Path3D/Trees/@Node3D@62426" instance=ExtResource("4_swt1d")]

[node name="@Node3D@62427" type="Node3D" parent="Path3D/Trees"]
transform = Transform3D(0.88106, 0, -0.473004, 0, 1, 0, 0.473004, 0, 0.88106, 255.25, 0, 326.199)

[node name="tree" parent="Path3D/Trees/@Node3D@62427" instance=ExtResource("4_swt1d")]

[node name="@Node3D@62428" type="Node3D" parent="Path3D/Trees"]
transform = Transform3D(-0.203962, 0, -0.978979, 0, 1, 0, 0.978979, 0, -0.203962, 259.907, 0, 328.992)

[node name="tree" parent="Path3D/Trees/@Node3D@62428" instance=ExtResource("4_swt1d")]

[node name="@Node3D@62429" type="Node3D" parent="Path3D/Trees"]
transform = Transform3D(-0.595541, 0, -0.803325, 0, 1, 0, 0.803325, 0, -0.595541, 262.542, 0, 325.733)

[node name="tree" parent="Path3D/Trees/@Node3D@62429" instance=ExtResource("4_swt1d")]

[node name="@Node3D@62430" type="Node3D" parent="Path3D/Trees"]
transform = Transform3D(-0.92633, 0, 0.376714, 0, 1, 0, -0.376714, 0, -0.92633, 265.762, 0, 324.816)

[node name="tree" parent="Path3D/Trees/@Node3D@62430" instance=ExtResource("4_swt1d")]

[node name="@Node3D@62431" type="Node3D" parent="Path3D/Trees"]
transform = Transform3D(0.997544, 0, 0.070049, 0, 1, 0, -0.070049, 0, 0.997544, 239.286, 0, 253.692)

[node name="tree" parent="Path3D/Trees/@Node3D@62431" instance=ExtResource("4_swt1d")]

[node name="@Node3D@62432" type="Node3D" parent="Path3D/Trees"]
transform = Transform3D(0.314896, 0, -0.949126, 0, 1, 0, 0.949126, 0, 0.314896, 269.054, 0, 316.027)

[node name="tree" parent="Path3D/Trees/@Node3D@62432" instance=ExtResource("4_swt1d")]

[node name="@Node3D@62433" type="Node3D" parent="Path3D/Trees"]
transform = Transform3D(-0.944866, 0, 0.327457, 0, 1, 0, -0.327457, 0, -0.944866, 273.507, 0, 317.806)

[node name="tree" parent="Path3D/Trees/@Node3D@62433" instance=ExtResource("4_swt1d")]

[node name="@Node3D@62434" type="Node3D" parent="Path3D/Trees"]
transform = Transform3D(-0.965325, 0, -0.26105, 0, 1, 0, 0.26105, 0, -0.965325, 275.633, 0, 315.084)

[node name="tree" parent="Path3D/Trees/@Node3D@62434" instance=ExtResource("4_swt1d")]

[node name="@Node3D@62435" type="Node3D" parent="Path3D/Trees"]
transform = Transform3D(0.830051, 0, -0.557688, 0, 1, 0, 0.557688, 0, 0.830051, 277.788, 0, 312.531)

[node name="tree" parent="Path3D/Trees/@Node3D@62435" instance=ExtResource("4_swt1d")]

[node name="@Node3D@62436" type="Node3D" parent="Path3D/Trees"]
transform = Transform3D(-0.999739, 0, 0.0228451, 0, 1, 0, -0.0228451, 0, -0.999739, 247.545, 0, 251.513)

[node name="tree" parent="Path3D/Trees/@Node3D@62436" instance=ExtResource("4_swt1d")]

[node name="@Node3D@62437" type="Node3D" parent="Path3D/Trees"]
transform = Transform3D(-0.978839, 0, 0.204632, 0, 1, 0, -0.204632, 0, -0.978839, 285.301, 0, 313.251)

[node name="tree" parent="Path3D/Trees/@Node3D@62437" instance=ExtResource("4_swt1d")]

[node name="@Node3D@62438" type="Node3D" parent="Path3D/Trees"]
transform = Transform3D(-0.362167, 0, -0.932113, 0, 1, 0, 0.932113, 0, -0.362167, 285.39, 0, 307.636)

[node name="tree" parent="Path3D/Trees/@Node3D@62438" instance=ExtResource("4_swt1d")]

[node name="@Node3D@62439" type="Node3D" parent="Path3D/Trees"]
transform = Transform3D(0.690704, 0, 0.723137, 0, 1, 0, -0.723137, 0, 0.690704, 292.51, 0, 313.214)

[node name="tree" parent="Path3D/Trees/@Node3D@62439" instance=ExtResource("4_swt1d")]

[node name="@Node3D@62440" type="Node3D" parent="Path3D/Trees"]
transform = Transform3D(0.914119, 0, 0.405447, 0, 1, 0, -0.405447, 0, 0.914119, 294.058, 0, 309.796)

[node name="tree" parent="Path3D/Trees/@Node3D@62440" instance=ExtResource("4_swt1d")]

[node name="@Node3D@62441" type="Node3D" parent="Path3D/Trees"]
transform = Transform3D(0.0244581, 0, 0.999701, 0, 1, 0, -0.999701, 0, 0.0244581, 295.43, 0, 306.656)

[node name="tree" parent="Path3D/Trees/@Node3D@62441" instance=ExtResource("4_swt1d")]

[node name="@Node3D@62442" type="Node3D" parent="Path3D/Trees"]
transform = Transform3D(0.230147, 0, 0.973156, 0, 1, 0, -0.973156, 0, 0.230147, 299.418, 0, 307.084)

[node name="tree" parent="Path3D/Trees/@Node3D@62442" instance=ExtResource("4_swt1d")]

[node name="@Node3D@62443" type="Node3D" parent="Path3D/Trees"]
transform = Transform3D(0.818472, 0, -0.574546, 0, 1, 0, 0.574546, 0, 0.818472, 299.409, 0, 302.235)

[node name="tree" parent="Path3D/Trees/@Node3D@62443" instance=ExtResource("4_swt1d")]

[node name="@Node3D@62444" type="Node3D" parent="Path3D/Trees"]
transform = Transform3D(0.309657, 0, 0.950848, 0, 1, 0, -0.950848, 0, 0.309657, 253.611, 0, 243.63)

[node name="tree" parent="Path3D/Trees/@Node3D@62444" instance=ExtResource("4_swt1d")]

[node name="@Node3D@62445" type="Node3D" parent="Path3D/Trees"]
transform = Transform3D(0.872946, 0, -0.487817, 0, 1, 0, 0.487817, 0, 0.872946, 301.407, 0, 296.263)

[node name="tree" parent="Path3D/Trees/@Node3D@62445" instance=ExtResource("4_swt1d")]

[node name="@Node3D@62446" type="Node3D" parent="Path3D/Trees"]
transform = Transform3D(-0.859603, 0, 0.510962, 0, 1, 0, -0.510962, 0, -0.859603, 252.677, 0, 239.99)

[node name="tree" parent="Path3D/Trees/@Node3D@62446" instance=ExtResource("4_swt1d")]

[node name="@Node3D@62447" type="Node3D" parent="Path3D/Trees"]
transform = Transform3D(0.860723, 0, -0.509074, 0, 1, 0, 0.509074, 0, 0.860723, 307.838, 0, 290.966)

[node name="tree" parent="Path3D/Trees/@Node3D@62447" instance=ExtResource("4_swt1d")]

[node name="@Node3D@62448" type="Node3D" parent="Path3D/Trees"]
transform = Transform3D(-0.307754, 0, -0.951466, 0, 1, 0, 0.951466, 0, -0.307754, 311.853, 0, 288.832)

[node name="tree" parent="Path3D/Trees/@Node3D@62448" instance=ExtResource("4_swt1d")]

[node name="@Node3D@62449" type="Node3D" parent="Path3D/Trees"]
transform = Transform3D(0.873554, 0, -0.486727, 0, 1, 0, 0.486727, 0, 0.873554, 260.388, 0, 238.758)

[node name="tree" parent="Path3D/Trees/@Node3D@62449" instance=ExtResource("4_swt1d")]

[node name="@Node3D@62450" type="Node3D" parent="Path3D/Trees"]
transform = Transform3D(0.965959, 0, 0.258696, 0, 1, 0, -0.258696, 0, 0.965959, 321.524, 0, 287.047)

[node name="tree" parent="Path3D/Trees/@Node3D@62450" instance=ExtResource("4_swt1d")]

[node name="@Node3D@62451" type="Node3D" parent="Path3D/Trees"]
transform = Transform3D(-0.281587, 0, 0.959536, 0, 1, 0, -0.959536, 0, -0.281587, 321.547, 0, 282.894)

[node name="tree" parent="Path3D/Trees/@Node3D@62451" instance=ExtResource("4_swt1d")]

[node name="@Node3D@62452" type="Node3D" parent="Path3D/Trees"]
transform = Transform3D(-0.958266, 0, -0.285877, 0, 1, 0, 0.285877, 0, -0.958266, 322.031, 0, 279.498)

[node name="tree" parent="Path3D/Trees/@Node3D@62452" instance=ExtResource("4_swt1d")]

[node name="@Node3D@62453" type="Node3D" parent="Path3D/Trees"]
transform = Transform3D(0.995285, 0, -0.0969904, 0, 1, 0, 0.0969904, 0, 0.995285, 266.291, 0, 232.68)

[node name="tree" parent="Path3D/Trees/@Node3D@62453" instance=ExtResource("4_swt1d")]

[node name="@Node3D@62454" type="Node3D" parent="Path3D/Trees"]
transform = Transform3D(-0.888617, 0, 0.458649, 0, 1, 0, -0.458649, 0, -0.888617, 323.831, 0, 275.934)

[node name="tree" parent="Path3D/Trees/@Node3D@62454" instance=ExtResource("4_swt1d")]

[node name="@Node3D@62455" type="Node3D" parent="Path3D/Trees"]
transform = Transform3D(0.743981, 0, -0.668201, 0, 1, 0, 0.668201, 0, 0.743981, 324.522, 0, 274.005)

[node name="tree" parent="Path3D/Trees/@Node3D@62455" instance=ExtResource("4_swt1d")]

[node name="@Node3D@62456" type="Node3D" parent="Path3D/Trees"]
transform = Transform3D(0.987173, 0, 0.159656, 0, 1, 0, -0.159656, 0, 0.987173, 329.771, 0, 275.496)

[node name="tree" parent="Path3D/Trees/@Node3D@62456" instance=ExtResource("4_swt1d")]

[node name="@Node3D@62457" type="Node3D" parent="Path3D/Trees"]
transform = Transform3D(-0.979316, 0, -0.202337, 0, 1, 0, 0.202337, 0, -0.979316, 267.554, 0, 226.066)

[node name="tree" parent="Path3D/Trees/@Node3D@62457" instance=ExtResource("4_swt1d")]

[node name="@Node3D@62458" type="Node3D" parent="Path3D/Trees"]
transform = Transform3D(-0.0992624, 0, -0.995061, 0, 1, 0, 0.995061, 0, -0.0992624, 329.052, 0, 269.623)

[node name="tree" parent="Path3D/Trees/@Node3D@62458" instance=ExtResource("4_swt1d")]

[node name="@Node3D@62459" type="Node3D" parent="Path3D/Trees"]
transform = Transform3D(0.683535, 0, -0.729918, 0, 1, 0, 0.729918, 0, 0.683535, 328.789, 0, 266.801)

[node name="tree" parent="Path3D/Trees/@Node3D@62459" instance=ExtResource("4_swt1d")]

[node name="@Node3D@62460" type="Node3D" parent="Path3D/Trees"]
transform = Transform3D(0.935606, 0, -0.353046, 0, 1, 0, 0.353046, 0, 0.935606, 336.091, 0, 269.246)

[node name="tree" parent="Path3D/Trees/@Node3D@62460" instance=ExtResource("4_swt1d")]

[node name="@Node3D@62461" type="Node3D" parent="Path3D/Trees"]
transform = Transform3D(0.997305, 0, -0.0733682, 0, 1, 0, 0.0733682, 0, 0.997305, 333.956, 0, 265.006)

[node name="tree" parent="Path3D/Trees/@Node3D@62461" instance=ExtResource("4_swt1d")]

[node name="@Node3D@62462" type="Node3D" parent="Path3D/Trees"]
transform = Transform3D(-0.477317, 0, 0.878731, 0, 1, 0, -0.878731, 0, -0.477317, 272.697, 0, 219.472)

[node name="tree" parent="Path3D/Trees/@Node3D@62462" instance=ExtResource("4_swt1d")]

[node name="@Node3D@62463" type="Node3D" parent="Path3D/Trees"]
transform = Transform3D(0.252609, 0, 0.967568, 0, 1, 0, -0.967568, 0, 0.252609, 271.902, 0, 216.816)

[node name="tree" parent="Path3D/Trees/@Node3D@62463" instance=ExtResource("4_swt1d")]

[node name="@Node3D@62464" type="Node3D" parent="Path3D/Trees"]
transform = Transform3D(0.9979, 0, 0.0647681, 0, 1, 0, -0.0647681, 0, 0.9979, 338.288, 0, 259.542)

[node name="tree" parent="Path3D/Trees/@Node3D@62464" instance=ExtResource("4_swt1d")]

[node name="@Node3D@62465" type="Node3D" parent="Path3D/Trees"]
transform = Transform3D(-0.886443, 0, -0.462837, 0, 1, 0, 0.462837, 0, -0.886443, 343.268, 0, 260.066)

[node name="tree" parent="Path3D/Trees/@Node3D@62465" instance=ExtResource("4_swt1d")]

[node name="@Node3D@62466" type="Node3D" parent="Path3D/Trees"]
transform = Transform3D(-0.0707314, 0, 0.997495, 0, 1, 0, -0.997495, 0, -0.0707314, 276.937, 0, 213.651)

[node name="tree" parent="Path3D/Trees/@Node3D@62466" instance=ExtResource("4_swt1d")]

[node name="@Node3D@62467" type="Node3D" parent="Path3D/Trees"]
transform = Transform3D(0.501793, 0, -0.864988, 0, 1, 0, 0.864988, 0, 0.501793, 278.339, 0, 212.253)

[node name="tree" parent="Path3D/Trees/@Node3D@62467" instance=ExtResource("4_swt1d")]

[node name="@Node3D@62468" type="Node3D" parent="Path3D/Trees"]
transform = Transform3D(0.995022, 0, -0.0996567, 0, 1, 0, 0.0996567, 0, 0.995022, 275.415, 0, 208.26)

[node name="tree" parent="Path3D/Trees/@Node3D@62468" instance=ExtResource("4_swt1d")]

[node name="@Node3D@62469" type="Node3D" parent="Path3D/Trees"]
transform = Transform3D(-0.407138, 0, -0.913367, 0, 1, 0, 0.913367, 0, -0.407138, 282.575, 0, 210.635)

[node name="tree" parent="Path3D/Trees/@Node3D@62469" instance=ExtResource("4_swt1d")]

[node name="@Node3D@62470" type="Node3D" parent="Path3D/Trees"]
transform = Transform3D(-0.597615, 0, -0.801783, 0, 1, 0, 0.801783, 0, -0.597615, 278.947, 0, 206.292)

[node name="tree" parent="Path3D/Trees/@Node3D@62470" instance=ExtResource("4_swt1d")]

[node name="@Node3D@62471" type="Node3D" parent="Path3D/Trees"]
transform = Transform3D(-0.45198, 0, 0.892028, 0, 1, 0, -0.892028, 0, -0.45198, 347.897, 0, 245.264)

[node name="tree" parent="Path3D/Trees/@Node3D@62471" instance=ExtResource("4_swt1d")]

[node name="@Node3D@62472" type="Node3D" parent="Path3D/Trees"]
transform = Transform3D(0.821934, 0, -0.569583, 0, 1, 0, 0.569583, 0, 0.821934, 346.809, 0, 241.73)

[node name="tree" parent="Path3D/Trees/@Node3D@62472" instance=ExtResource("4_swt1d")]

[node name="@Node3D@62473" type="Node3D" parent="Path3D/Trees"]
transform = Transform3D(0.406657, 0, -0.913581, 0, 1, 0, 0.913581, 0, 0.406657, 282.342, 0, 202.049)

[node name="tree" parent="Path3D/Trees/@Node3D@62473" instance=ExtResource("4_swt1d")]

[node name="@Node3D@62474" type="Node3D" parent="Path3D/Trees"]
transform = Transform3D(0.147837, 0, 0.989012, 0, 1, 0, -0.989012, 0, 0.147837, 281.404, 0, 199.42)

